1.6341
2.4314
4.3569
4.2075
3.6751
2.8858
3.1139
4.9179
5.5739
2.7179
4.1028
4.2194
5.9193
5.4601
8.0344
13.648
9.1027
12.993
8.5697
6.821
6.2065
6.8043
5.7733
5.689
3.6503
2.4476
6.3271
6.4149
6.9047
8.8118
2.8077
5.1837
5.9481
4.8225
4.827
5.5123
7.7246
5.0937
5.1128
6.6411
5.9336
5.4991
13.154
13.354
21.43
18.92
20.752
17.194
16.046
14.641
12.185
8.3575
5.1882
7.8999
5.1143
3.8096
6.191
9.0181
10.555
12.808
4.9765
4.8325
3.9014
3.5552
7.2393
6.0062
6.4392
8.2359
7.1809
6.7496
4.9703
6.1721
15.266
20.543
13.281
18.343
11.747
16.899
20.001
12.813
11.844
5.4965
7.1725
4.4973
5.8309
4.3142
3.2769
12.399
14.071
12.545
3.7931
5.6476
4.5996
4.7331
5.0101
7.5061
5.1795
4.3287
5.5174
4.4115
4.1843
6.1296
12.498
17.807
14.948
13.816
16.946
14.136
19.813
13.254
11.841
9.3452
4.5786
4.543
3.9003
4.0534
3.3033
2.7938
8.4333
10.467
5.0745
4.8032
5.6586
6.5655
6.361
4.0859
6.2214
7.5801
7.435
7.0559
8.8121
10.419
12.025
12.263
6.2668
6.0023
5.5824
9.8202
13.016
9.9838
9.5863
10.129
6.9009
5.1164
4.3994
3.6214
3.0543
2.728
2.1724
6.6439
2.627
2.8354
3.9241
6.1012
7.3791
5.4673
7.2756
5.9572
5.1728
10.63
9.7733
7.1871
4.7136
9.7085
5.7282
3.4508
4.7463
8.2023
9.1392
12.399
9.6891
7.2391
7.4082
5.4248
3.3502
2.6278
3.2057
2.5375
2.498
2.0153
4.7967
4.975
3.9385
5.0156
4.6052
7.3417
6.2508
6.6516
7.7608
8.6089
7.1631
11.992
10.194
9.9849
5.0051
5.6109
4.5127
3.8813
10.235
10.165
7.6807
7.9649
6.3092
3.159
2.5144
2.4238
2.5951
2.8561
2.161
2.0512
3.8257
3.6921
4.9793
2.574
3.5821
4.0388
6.316
4.4932
3.6969
8.0573
6.1186
9.0784
3.9933
8.3284
7.8654
9.2559
11.805
11.853
14.335
7.9838
5.5639
6.0917
4.3201
4.4965
2.0554
2.8094
2.0956
2.2682
2.2664
1.8714
1.9506
3.5517
3.5086
4.4566
4.0203
4.4548
3.7136
3.9573
3.468
3.6236
3.4901
3.7444
4.729
9.4846
13.371
13.143
9.821
9.703
8.4028
8.7049
6.9661
5.5607
3.9489
4.5392
2.1375
1.8538
2.2742
1.7409
2.3183
1.8538
2.2055
3.3687
2.8882
4.5821
5.8094
7.5789
3.6071
3.5032
3.1678
3.3388
3.7954
3.3789
7.326
4.4943
3.1311
8.0097
7.9886
6.932
3.3045
4.4694
6.9628
5.3869
4.7773
2.7775
3.7881
1.6425
1.7527
1.3379
1.2629
1.746
3.5836
2.8371
4.1574
2.9563
2.9868
2.5555
3.2851
3.4323
3.2609
3.8301
3.4549
6.6033
3.682
4.5819
6.5961
3.5154
4.7009
3.9703
3.0822
5.2256
5.6607
4.0668
4.7565
1.8145
3.0572
1.6899
1.9069
1.6827
1.1875
1.5931
1.7873
2.1583
2.8218
2.5867
2.8484
2.2907
2.2128
2.4263
2.4875
2.4126
3.104
4.721
5.493
3.3672
3.3878
4.388
3.9309
4.8546
3.9201
4.5766
4.2043
4.4379
4.7043
2.4476
2.2319
2.0759
2.0122
2.0062
1.4149
1.2312
1.838
3.0243
2.5426
2.185
1.6179
1.7939
1.844
2.0951
3.2439
2.6364
4.0508
4.8384
4.2397
6.1108
5.6523
4.0535
3.8804
4.8883
5.8321
4.5023
3.8153
2.6776
2.5219
3.7775
3.4149
2.5971
1.6582
1.9653
1.8943
1.2552
1.9681
1.9674
1.353
5.0658
7.7623
6.4095
7.796
13.233
15.23
4.2317
3.1
1.9566
3.4051
1.7845
3.2578
5.6643
3.65
4.7551
3.5997
1.7219
2.7466
3.229
1.4815
3.5836
2.6948
2.2055
1.2541
1.5773
1.5213
1.4386
2.1442
7.0216
18.94
17.952
4.8864
1.7337
3.4825
11.085
7.8733
4.9146
5.1526
3.3546
3.0908
2.4305
2.9808
2.5751
3.5547
1.8994
3.5908
2.5382
3.1926
3.3323
1.2023
2.6141
2.091
1.3746
1.3738
1.3707
1.2995
1.311
3.0038
6.6828
23.18
18.172
5.4182
1.2771
4.2658
6.7404
6.5304
7.821
1.3493
2.8747
3.1103
3.1079
2.6688
4.1245
3.5779
2.9704
2.7334
3.5967
2.7621
3.3812
1.7668
1.6182
1.6437
1.4152
1.1628
1.1907
1.2152
1.2983
1.1774
1.2501
1.5642
2.6236
3.214
2.8876
2.1078
2.8935
3.4813
4.2565
4.2167
5.5102
6.2125
6.5878
7.039
7.0667
6.1685
8.1059
3.8206
5.0779
7.1365
3.0235
4.2758
3.5377
3.1672
2.4131
2.0733
5.3865
5.2828
6.0825
1.6366
1.8566
2.9681
3.9506
2.8351
2.8389
3.0243
3.1891
4.4616
5.0177
5.8371
6.8941
10.663
9.8123
13.867
16.174
10.809
9.5885
12.481
10.094
8.9624
4.9048
4.8335
4.1824
3.7564
3.2778
2.294
4.7254
11.596
10.385
1.8436
2.9688
3.4601
2.6538
2.9926
3.6067
4.1626
4.0416
4.5081
4.9426
5.1451
9.4105
13.024
12.807
6.0291
13.566
10.366
13.74
13.113
8.8165
8.3183
5.2331
6.057
7.972
3.797
3.3729
2.774
2.3586
10.481
10.551
2.8609
3.0126
2.6587
2.3811
3.5895
3.5187
3.176
3.895
4.7132
6.12
5.2083
5.2348
10.153
14.627
12.26
11.782
14.648
15.219
12.17
7.3753
8.033
8.6054
6.164
4.6526
4.4805
2.9927
2.9028
2.4366
1.7526
5.883
2.2155
2.509
2.7193
3.3407
2.4765
3.5806
3.1941
2.5314
3.9561
4.4052
6.3744
8.8388
6.6905
9.6539
7.0381
6.4306
5.1526
9.3405
10.225
9.602
6.7098
8.3256
8.2033
5.8246
7.6678
5.1845
2.4991
2.3435
2.265
1.7576
2.2756
2.3754
2.2855
3.0679
3.3373
2.2827
2.7951
3.3758
3.492
3.5769
5.4724
6.7337
5.7252
8.2719
5.022
3.0184
4.5284
8.0044
7.8916
9.6792
8.7532
9.0085
7.1864
5.9698
3.5385
1.5885
2.6502
2.2795
2.4166
2.1332
2.0499
1.7929
2.6606
2.0332
3.0864
3.2665
2.5935
3.5631
4.0378
4.7168
5.5688
7.013
5.4173
7.7517
5.0317
3.6856
4.344
3.9173
9.0108
6.4022
7.3688
5.3454
3.8918
2.3139
4.2542
4.2337
4.2924
2.658
2.0215
1.8343
2.1611
2.6484
2.1021
2.7707
2.4343
2.8422
3.5081
2.2213
3.5311
3.9602
4.6185
4.9018
5.0112
6.526
4.0759
7.3157
8.8188
12.813
12.928
8.0262
6.6367
6.4766
4.6599
5.7646
4.8784
4.1893
5.1726
1.5897
2.2723
2.0125
2.099
1.7497
2.5356
1.8036
2.5398
2.1695
2.7958
3.3751
1.7595
3.8472
3.7433
5.32
4.8625
7.5901
7.687
6.9718
8.9262
8.9035
7.9334
7.5239
6.372
5.6093
4.2676
4.699
3.9768
3.9154
3.4092
3.339
2.6405
1.882
1.4433
1.8497
1.7196
2.3575
2.6335
2.7714
1.7807
2.519
2.5422
4.2558
4.3468
4.1493
5.1559
6.196
5.7239
7.5364
8.9139
7.7102
3.1762
5.5826
6.2044
5.1577
5.0125
3.3476
3.6928
1.3038
1.6528
1.45
2.0347
1.5431
1.676
2.0288
1.8361
2.3608
1.61
2.2485
1.7208
1.9649
3.6013
3.3898
4.6569
3.6764
4.6262
6.5039
5.0334
4.9839
6.0038
3.1191
5.2273
5.0929
6.5533
4.1397
5.3873
4.1967
2.4479
2.172
3.3882
5.7213
6.5446
4.9393
1.8446
1.218
1.9264
1.2945
1.4931
1.5193
1.6162
1.5119
2.7639
1.3132
3.7422
4.6799
6.6362
2.6457
5.7684
2.7308
5.4865
4.7423
5.6592
4.8934
4.7214
4.2275
4.7333
3.1677
3.4353
2.659
5.7237
4.1707
2.9973
4.1598
1.4158
1.4023
1.7427
1.4552
1.4746
1.8251
1.6412
1.4852
1.4916
1.6458
4.3222
2.7812
5.89
2.0326
5.2697
3.2035
5.0026
4.8078
5.0086
3.4746
5.1868
3.9039
2.3352
3.5183
3.1786
3.6828
6.8632
5.4865
4.3313
4.6084
1.4636
1.6171
1.3407
1.2759
1.6402
1.9814
2.579
3.3214
4.0939
3.1617
3.5752
2.9374
4.1301
2.2741
4.8216
2.6041
3.9667
4.3497
3.6916
1.7602
3.5548
3.7685
2.0097
3.2959
5.0055
3.6735
6.1174
2.1349
2.2056
3.8213
1.4158
1.3376
1.2436
1.3754
2.7127
7.2151
4.2263
5.6557
2.2095
11.103
5.9776
3.6924
2.8087
2.8347
3.8429
2.5322
4.0042
2.1163
4.3127
3.3694
3.2887
3.0043
1.2226
2.9288
2.696
2.8368
2.0452
2.2823
1.1275
1.2412
1.4567
1.5123
4.5247
6.3562
6.5063
4.2501
1.4343
1.6997
2.5855
15.165
9.021
3.1034
3.1067
3.2672
2.7956
3.9531
3.9045
4.3528
3.678
3.6815
3.4658
3.822
3.0534
2.8789
3.3046
1.6324
1.7315
1.5878
2.1623
1.5876
0.97819
1.1593
1.0726
1.8868
3.5301
4.0242
2.4482
2.6333
3.735
5.126
5.4848
9.1221
12.277
8.7532
12.942
13.233
11.081
8.8321
9.4492
9.5099
7.9238
6.4118
6.1742
4.0292
2.6229
1.9485
1.4178
4.8454
6.0013
7.4422
1.4725
1.607
2.4549
4.1265
4.3209
5.5304
3.8053
4.4888
5.1324
6.0067
8.641
8.9994
14.676
16.854
20.528
22.018
19.101
13.892
15.621
13.646
10.084
10.258
5.4148
6.396
3.9006
2.6552
2.0078
9.7573
10.217
11.591
1.8427
2.5808
4.116
3.0087
2.6072
2.6472
4.0933
3.9019
4.9331
5.8961
7.7766
13.352
19.638
15.232
14.019
13.879
14.813
20.017
19.224
13.051
12.32
8.0777
10.006
5.9187
5.3447
2.7857
2.2526
2.4526
5.3316
7.9642
2.5645
4.0192
3.2643
3.3066
3.9751
3.3195
3.7139
4.5141
6.3656
5.9348
8.62
12.856
12.155
15.689
10.928
12.114
14.489
20.713
16.382
14.149
13.896
10.72
6.7977
5.5701
4.9016
3.6225
2.221
2.0889
1.6297
3.62
3.8577
4.2281
2.8345
2.464
3.3155
3.6057
3.6089
4.2096
4.1369
4.6031
8.8894
10.363
9.6276
10.142
5.0473
5.082
7.7949
16.266
11.308
12.321
12.286
12.938
7.8669
10.218
6.8749
4.3836
2.4173
1.6905
2.1579
1.6757
2.6181
2.7089
3.7887
4.651
4.2162
2.6508
4.2318
5.3017
4.6984
5.4527
6.6453
9.3886
8.0323
10.506
2.609
3.4891
4.0969
10.554
12.597
12.882
11.169
8.5801
9.7799
4.5693
3.5279
2.547
3.7511
2.2942
2.1899
1.6241
4.1047
3.2135
3.5084
4.1336
4.5944
2.994
5.119
3.3685
5.2442
7.5222
5.3418
8.5052
6.9501
8.8734
3.0799
3.2895
4.4454
8.6059
11.474
9.9297
9.9043
9.3301
6.0792
6.2199
5.2033
4.9712
2.2435
2.085
1.594
1.637
2.2897
3.2162
3.0817
3.9204
3.7856
5.0003
4.101
5.157
5.2466
5.0635
5.253
7.1269
7.4549
7.7536
3.4617
3.8296
6.9286
12.214
9.865
7.417
9.063
5.4613
8.5338
5.2956
5.811
6.0039
3.658
3.7007
2.2777
2.1896
3.5334
2.845
3.3103
1.8671
2.4679
3.0477
3.975
2.9405
3.8086
6.1955
4.2065
3.413
5.8567
8.1411
6.1304
5.6471
9.5981
7.675
9.2475
10.566
7.7954
7.3287
5.5023
5.7736
4.5713
3.8084
3.5915
1.2339
1.5475
1.4878
2.2185
2.6849
2.8347
3.2047
2.8598
2.7512
3.2675
2.9214
3.2377
2.7045
4.911
2.978
6.1651
4.9639
4.8822
5.7041
7.1177
2.9797
4.7023
8.8685
7.6505
6.9652
3.7326
5.6506
2.9837
1.2317
2.5015
4.7708
6.4292
7.7936
1.4148
2.0003
2.341
4.0337
3.8057
4.661
3.0983
2.776
3.3367
3.0101
5.1501
4.0709
6.5369
4.0678
6.2751
5.1717
5.5209
2.9911
6.4653
7.5496
5.7774
6.3774
4.8191
2.1666
5.2235
1.3321
3.2131
2.2096
2.4779
3.0569
2.5347
2.5916
3.1705
2.5081
2.5229
2.7428
3.5606
2.6124
2.4098
3.0391
3.0781
5.1933
5.5305
2.9514
5.9249
4.7786
5.0831
5.4737
5.0269
6.1047
5.2601
4.673
5.765
3.5453
4.6806
3.1839
3.3898
5.6742
3.8123
4.8346
1.7505
1.7523
2.1023
2.1456
2.6548
2.5111
2.6157
2.1368
1.8867
2.0367
2.7573
3.764
4.7355
3.5175
4.8207
4.352
4.3086
5.5738
3.6895
3.6566
4.4337
2.4734
4.2304
1.266
1.2826
3.6135
3.8413
4.1331
2.5729
4.3443
1.551
2.4383
2.1001
2.4345
2.8119
2.6313
1.9643
1.472
1.6072
1.4567
2.4502
3.0533
3.2334
3.2315
4.6374
4.222
3.9524
2.8197
3.7089
2.6411
4.2001
2.3798
3.0373
2.8042
1.2192
3.5758
3.4612
3.7747
1.5858
1.2283
1.7642
1.6405
2.2528
3.1192
1.8243
0.976
1.1105
1.0459
1.2779
1.7928
3.1395
2.6798
1.5477
2.9502
3.1934
3.7082
2.0562
1.9941
4.0625
3.9832
3.4654
1.2374
1.3599
3.6742
2.6599
2.6409
1.9444
1.4129
1.5922
0.96689
1.8422
1.2713
1.8743
1.8188
2.4798
1.6701
2.2614
3.2833
2.069
1.2717
1.3094
2.3365
3.0452
2.0647
1.9952
3.2741
2.3734
2.2814
3.1812
2.9814
3.6066
2.784
2.8196
3.1713
1.3345
1.2257
1.3899
1.7674
1.3811
1.5132
0.95266
0.95947
1.0392
1.6395
4.6447
5.2183
4.2521
3.8327
5.5442
5.175
9.9528
17.306
8.2981
14.165
14.5
11.972
13.104
10.216
13.731
11.916
11.958
4.3388
9.9964
4.8934
4.7329
2.0498
2.4469
16.212
14.28
17.125
1.3198
1.5423
1.7843
4.9895
6.8626
5.2861
5.2582
5.6165
7.6781
10.274
13.682
18.067
15.62
20.851
22.265
23.632
18.833
20.769
15.704
17.373
12.907
10.171
11.901
9.6455
6.0798
4.533
2.8863
4.7139
15.541
15.724
1.6274
2.0398
4.5198
5.7115
5.1167
4.1694
4.4795
7.0993
6.8949
8.8586
11.661
24.39
23.604
23.873
22.785
15.886
20.943
24.369
20.95
17.994
14.009
15.55
7.0651
9.6128
7.0911
4.8634
4.5395
2.9035
2.4803
9.1656
2.056
3.8907
5.7246
4.4999
2.5916
4.0682
4.5276
5.3064
6.969
7.4777
15.631
20.59
18.401
15.793
12.323
13.502
24.297
26.472
20.825
21.034
18.39
12.101
13.692
9.3548
8.7598
4.7433
4.0302
4.2111
2.7699
2.1733
3.5404
5.3966
3.9492
3.6197
4.195
3.6172
5.3744
6.9664
8.3425
8.0126
9.7386
14.377
16.355
10.861
6.2764
4.965
14.107
18.049
15.848
16.508
18.917
14.279
11.91
9.3029
4.6844
5.6915
4
4.1605
3.791
6.2066
4.8852
3.5796
3.3467
2.7429
3.9556
3.6273
4.503
6.2363
6.7234
9.606
13.675
10.445
13.001
6.2382
4.0807
4.9804
11.106
10.942
16.193
15.291
15.205
13.219
4.955
6.7638
6.7492
5.3541
5.1558
3.4378
3.0853
3.2566
2.267
4.8115
4.8964
4.3186
4.5583
3.9685
7.0615
5.9619
6.501
9.1948
8.9937
9.023
12.111
7.1576
4.3652
5.5591
9.3234
12.154
13.05
14.597
10.647
10.925
9.6084
4.8519
8.2286
6.5295
3.6045
4.7683
3.4354
2.9823
4.4446
4.021
3.9596
4.876
4.8734
4.6957
5.962
5.7087
6.745
8.5815
9.0057
7.9738
11.481
5.8319
4.8784
5.5214
7.4215
13.299
11.099
11.858
11.219
9.7062
9.9574
6.3862
4.6595
5.5406
4.2061
3.9927
3.5097
2.3028
2.3215
3.2031
3.8088
3.9573
4.8057
5.4246
5.0744
5.2398
6.7782
5.9758
6.0859
7.6937
8.6453
8.8331
7.6378
7.0067
10.924
9.4202
13.724
12.519
11.044
7.5057
7.3897
8.0237
3.7071
3.6007
1.9382
1.2973
3.0667
4.3765
3.8002
2.8924
3.5397
2.2954
3.5568
4.6662
4.5319
4.0423
4.8457
5.8094
6.7691
7.6987
7.6627
4.8713
6.296
8.8077
6.7592
3.7175
8.7578
11.056
8.344
8.3434
3.4117
7.5134
1.6137
1.402
3.2994
2.8108
4.1632
4.8661
1.9764
2.8751
2.8615
3.5803
4.2689
4.8291
3.8213
3.1089
4.9027
3.833
6.6539
5.7863
7.9184
5.2867
8.4863
9.9995
4.3027
8.8156
6.2802
10.486
7.8519
9.0944
3.6977
4.5062
6.6281
3.4686
3.0714
3.0495
5.5244
5.3157
1.4163
1.7457
2.6581
4.6207
4.6923
3.4666
2.7853
2.2268
4.9754
5.8373
4.5643
6.0588
6.8204
2.5627
9.1831
6.5329
7.32
6.9688
7.6016
7.9698
7.1347
7.7998
5.6493
3.3854
6.3146
2.0476
7.0004
4.3838
10.03
6.993
2.2373
2.5907
3.6938
2.5617
3.1929
1.934
3.6204
3.3401
2.7209
3.8649
5.34
5.231
5.4919
5.1807
8.0626
5.5523
7.0551
7.0918
4.4211
6.7758
2.54
1.3052
6.0505
1.351
2.7853
4.9819
9.0129
6.4306
4.7255
2.3675
1.9021
1.9565
2.6842
2.5651
2.5321
3.4141
2.4912
2.6046
2.1906
2.5696
3.6249
3.848
4.6274
3.9534
7.0844
5.3888
5.7281
5.7062
2.2793
3.8203
6.1751
2.1002
5.2232
2.2056
1.4082
5.2752
3.2272
3.7643
2.1172
3.0423
1.3376
2.982
1.9653
3.1763
1.8518
3.6039
2.3906
2.0564
1.7775
1.2685
1.5533
3.9903
2.2422
3.8041
5.762
4.9563
2.9507
4.9559
5.1331
5.0818
4.8519
2.3254
3.1346
5.3947
2.9864
2.3264
3.6481
1.7266
1.8715
1.6452
1.7783
1.943
2.2756
2.2609
1.3113
3.7811
1.7911
1.5159
1.4302
1.4408
1.5002
3.7951
3.6098
3.3592
2.5127
4.3801
2.8987
2.287
5.3692
3.9355
4.9357
2.621
1.3194
4.2808
1.4528
1.3067
3.2522
2.2428
1.9584
2.063
1.7258
1.7823
1.7138
1.3403
2.956
5.383
4.0081
4.8348
2.5503
1.9231
2.6774
8.498
7.6939
12.633
11.465
10.434
5.5949
10.508
9.7275
5.1934
6.6653
5.083
3.629
2.2079
1.7891
1.6025
1.3464
2.0859
6.1498
6.5725
1.7567
1.5024
1.3406
2.4946
5.398
5.6713
4.5916
4.067
5.3135
5.5443
9.4379
12.306
11.27
14.665
17.121
17.188
14.274
15.329
10.831
8.8812
8.4065
11.466
6.9985
4.01
2.9439
2.4737
2.4805
1.8523
1.8276
6.425
1.3134
1.6537
2.187
5.0454
6.0054
4.1083
3.6509
3.7751
4.184
6.1575
7.1096
13.169
17.105
18.692
13.518
14.733
18.406
15.848
14.588
13.62
12.348
7.5307
6.5568
4.775
2.6407
1.79
1.9619
2.3226
1.9564
1.6976
1.509
2.012
4.5301
4.3148
3.7307
2.7249
3.2744
3.7098
3.6612
4.6433
7.9758
13.725
14.419
8.8319
10.086
13.542
20.924
13.356
14.648
14.567
13.916
8.5422
11.372
7.6818
3.9974
2.6599
2.455
2.4658
2.0491
4.3882
1.9103
3.5784
4.535
4.1758
3.0358
3.8912
3.5527
3.5162
4.2616
6.6189
7.2772
7.0655
13.496
8.375
6.1314
6.7695
12.914
11.949
11.343
12.187
11.589
11.585
5
3.4224
3.9961
3.6566
1.9063
1.4849
1.6729
2.0429
2.9659
4.3516
3.1459
2.8804
3.341
2.9371
3.8516
4.0598
3.9886
5.528
8.1153
6.8426
8.25
2.717
3.1996
3.7928
10.021
10.181
10.382
11.658
9.401
6.7413
3.884
6.3487
4.8809
2.9885
2.3794
2.5376
1.847
1.6843
3.9019
3.5867
2.9785
2.4863
2.7909
2.9013
3.0277
4.2225
3.697
5.072
6.4135
5.5946
7.8444
3.3858
3.1298
4.1981
7.5058
7.5298
9.6529
9.1614
7.3425
9.723
6.3444
5.8609
6.4701
3.406
3.8617
1.9971
2.1217
1.4701
2.3065
3.141
3.5877
3.0726
2.9167
3.0583
5.075
3.3637
4.9575
4.2951
5.9238
4.5078
7.7184
3.8609
3.1227
4.2286
8.557
9.3882
8.0815
8.1751
9.0917
6.5625
7.3401
4.6207
4.4339
3.2958
1.1936
1.7204
1.6967
1.3277
3.479
2.7629
3.1091
4.1368
3.9738
3.2674
3.4806
3.9662
4.1021
3.6352
4.0164
4.868
6.0468
6.0275
5.6712
5.5751
6.9587
9.0026
8.114
8.3136
7.9066
6.1324
7.2178
3.2139
1.3086
2.5815
1.3826
2.1067
2.7105
2.1256
2.1673
2.3181
2.5298
2.7247
3.5412
4.1535
4.1083
3.419
3.8733
3.5232
3.6329
4.183
5.2418
5.2875
3.6319
4.9204
3.9778
4.0252
7.8508
6.409
7.877
4.7445
2.9437
5.9911
1.2857
3.2823
3.8083
2.7035
1.267
4.6391
2.9339
2.3319
2.7568
1.9644
2.6289
3.4595
3.102
2.5848
2.7368
2.6101
3.5814
4.239
4.1352
5.2857
4.8153
6.3807
3.2879
5.8163
5.6849
7.0939
5.4194
6.8888
2.8039
5.5022
4.2093
1.6757
1.5179
1.7382
1.2794
6.7498
1.8084
2.2034
2.3893
3.7797
4.1332
3.7984
2.3782
1.9392
2.9762
4.7375
6.4729
5.1097
9.2972
5.7549
2.3486
7.0125
2.5219
6.7025
3.1193
6.6763
5.4328
6.324
2.44
1.3404
4.6809
1.282
1.2429
1.54
1.3413
8.7055
1.4443
1.3966
2.2238
2.7853
3.3063
1.7222
2.381
2.3998
3.055
4.8504
4.8345
4.7499
3.901
7.1759
3.8305
6.553
3.3227
5.4658
3.7307
4.932
1.4198
2.4451
4.4957
1.2589
3.0242
3.0134
1.4601
2.8223
2.5965
3.2776
2.1433
2.288
2.8617
2.2978
2.4916
1.5762
2.4651
2.0969
4.0031
4.5153
4.1926
2.8485
2.5925
5.1663
9.201
4.1041
5.284
4.2034
2.0828
5.1245
3.0729
1.5836
4.4875
1.5943
2.806
4.1099
2.852
1.4291
1.2416
1.597
1.7032
1.4023
2.0937
2.2396
2.1298
2.4058
1.3022
2.1124
3.0218
3.1279
2.2169
3.7423
2.2689
2.4122
4.6764
3.6623
2.8776
4.3516
3.5945
4.1871
4.232
2.7314
4.064
3.7016
1.3472
2.0827
2.6072
1.2774
1.1872
1.2865
1.6404
2.1996
1.9456
2.3855
1.768
2.3954
1.5764
3.3024
2.0969
7.9662
4.9176
6.6337
9.2808
7.3286
6.7529
3.4511
2.883
3.3045
3.699
3.2692
4.2233
1.205
1.2376
3.7788
1.382
1.2792
2.9287
1.3134
1.1871
1.3343
