0
0
0
0
0
0
0
0
0
0
0
0
0
0
0
0
0
0
0
0
0
0
0
0
0
0
0
0
0
0
0
0
0
0
0
0
0
0
0
0
0
0
0
0
0
0
0
0
0
0
0
0
0
0
0
0
0
0
0
0
0.58322
0.67196
0.53464
0.65281
0.74895
0.73236
0.64179
0.73594
0.66267
0.68487
0.67953
0.53421
0.52234
0.39283
13.137
19.83
14.414
15.301
5.8247
7.9561
8.031
0.27677
0.23762
0.26626
0.24214
0.25778
0.26068
0.223
0.22685
0.26544
0.88471
1.3133
1.3655
1.4748
1.4431
1.4879
1.3677
1.1658
0.91977
0.76047
0.63919
0.66391
0.57361
0.64082
14.701
15.881
10.639
6.2856
9.9195
7.6758
10.437
13.927
2.4642
0.29127
0.27397
0.27397
0.32436
0.26799
0.29057
0.32496
1.6231
1.5708
1.544
1.4568
1.4632
1.5005
1.6293
1.6461
1.6494
1.6433
1.5559
1.5934
1.3547
4.7131
13.267
11.216
5.0762
6.4622
3.5495
14.753
2.3546
7.344
13.676
6.5641
0.40564
0.3934
0.4138
0.45767
0.4684
0.42373
1.2225
1.2593
1.3755
1.3993
1.3855
1.361
1.3821
1.3558
1.4737
1.4927
1.4355
1.5028
5.262
13.98
2.9087
2.9815
2.7947
6.605
9.5174
17.614
8.11
6.4156
3.6752
12.409
6.9022
0.59614
0.54807
0.44153
0.44724
0.45249
1.2285
1.3432
1.4768
1.4646
1.3997
1.3488
1.2952
1.3822
1.5706
3.2332
3.2888
2.508
9.081
15.547
7.6323
7.8566
2.5484
5.8938
9.3048
21.633
6.6967
7.7325
4.4629
4.6725
8.5879
5.9505
3.2506
0.47999
0.55155
0.57279
1.3345
1.2784
1.2947
1.3799
5.4474
5.8905
5.117
1.4068
2.7608
8.8254
4.851
1.3427
17.022
17.833
18.587
11.887
3.6623
5.366
8.2602
28.411
2.951
6.0189
3.6394
5.9762
8.4048
7.6118
8.3203
1.0871
1.0872
1.1014
1.3289
1.1608
1.3266
4.7327
7.6909
4.6472
8.1398
9.1679
11.372
5.6441
2.9384
16.217
16.065
16.591
16.738
10.507
10.856
18.722
9.4498
29.871
11.177
14.507
8.5355
4.7254
6.7068
4.9029
8.1104
1.2197
1.1884
1.2279
53.307
47.37
44.757
4.3244
5.4745
3.7432
8.7587
16.958
8.9404
4.4236
4.0322
27.286
14.152
14.48
13.809
10.068
24.908
20.59
15.001
26.601
5.0274
3.6511
9.1134
6.983
13.125
12.969
16.454
14.506
9.8157
3.6427
33.862
76.926
42.537
1.7922
4.9368
4.2016
5.9776
12.052
6.8519
4.6485
12.985
2.7135
5.2374
6.1384
5.6838
4.4971
4.3065
9.6449
18.656
21.418
14.04
5.3991
12
27.633
7.8432
20.848
30.379
13.12
21.847
29.517
40.545
10.155
4.168
8.3573
12.231
7.681
7.2187
8.4914
8.4803
17.004
28.856
3.0734
2.1934
2.43
2.4311
2.3789
2.8856
5.6485
14.834
24.522
13.604
3.3794
6.1491
4.8276
8.9985
7.0329
3.8606
13.934
13.796
23.089
4.9215
3.3648
4.0018
7.6145
7.8017
10.011
9.1754
10.342
9.4603
17.605
30.226
7.922
4.7561
6.304
8.0891
5.9636
4.3454
3.5184
3.6355
1.6114
1.4718
2.8397
6.1785
8.627
10.086
14.09
17.499
44.023
13.675
6.6174
6.0893
7.4668
7.8666
6.0491
7.813
10.336
13.963
16.972
13.394
11.393
14.749
9.9238
12.654
8.1257
2.3666
4.9156
8.897
5.9504
4.1897
4.0301
5.7289
5.7078
5.6733
5.4661
5.7136
7.1011
25.011
15.294
4.6548
3.3533
9.0312
15.571
17.092
13.324
16.95
15.978
9.8774
2.1619
1.6609
2.2265
5.0392
5.4828
4.9862
2.8442
3.198
4.1442
8.3458
6.551
7.273
7.902
8.7339
9.2636
9.2428
6.9019
8.1637
10.509
9.4355
9.0792
4.8248
3.6544
0
0
0
0
0
0
0
0
0
0
0
0
0
0
0
0
0
0
0
0
0
0
0
0
0
0
0
0
0
0
0
0
0
0
0
0
0
0
0
0
0
0
0
0
0
0
0
0
0
0
0
0
0
0
0
0
0
0
0
0
0
0
0
0
0
0
0
0
0
0
0
0
0
0
0
0
0
0
0
0
0
0
0
0
0
0
0
0
0
0
1.2043
1.5676
1.5794
1.5233
1.3677
1.3999
1.4619
1.3965
1.4739
1.5602
1.5788
1.5629
1.647
1.6934
1.668
10.655
14.679
13.544
5.8523
6.9214
13.89
9.8482
0.29948
0.34279
0.24862
0.24271
0.25843
0.26108
0.24491
0.27696
1.5589
1.5205
1.4218
1.3784
1.3896
1.3826
1.4819
1.5288
1.5119
1.4631
1.4439
1.5294
1.5631
1.5145
2.2157
11.549
12.157
7.2429
7.0841
7.1708
7.9848
11.182
13.295
0.4059
0.37222
0.33984
0.34836
0.29622
0.28973
0.36351
1.4276
1.2407
1.3075
1.368
1.4596
1.4531
1.4503
1.4823
1.5124
1.4954
1.5839
1.5349
1.5017
1.5627
9.951
4.9196
2.8522
2.1349
4.0201
7.3481
15.324
5.3031
11.927
7.5106
0.45267
0.4206
0.51361
0.43471
0.39556
0.43271
1.2043
1.2691
1.2752
1.4301
1.3704
1.3394
1.3531
1.6082
1.5886
1.6074
1.5965
1.5115
1.4518
6.3683
10.471
9.0897
8.0703
7.6541
3.1208
6.0013
14.623
8.6531
4.2548
8.6116
1.0353
0.53146
0.53105
0.50902
0.55729
0.49187
1.0785
1.2596
1.4146
1.4096
1.5135
1.2597
1.4306
2.0077
6.8644
1.2747
1.699
2.4866
1.5989
9.8932
17.791
17.407
17.107
10.443
4.7751
6.2664
18.514
5.604
5.0463
16.366
17.098
12.841
0.46451
0.47932
0.51033
0.52153
1.0383
27.431
26.924
20.354
8.5404
1.6808
1.5622
17.329
21.605
0.9919
10.198
13.949
15.737
27.221
19.854
18.812
17.368
10.106
18.296
16.353
23.261
3.5952
4.3602
17.149
21.028
21.162
1.1034
1.0451
1.0508
1.0508
8.2453
10.872
22.534
19.107
40.513
39.609
38.395
33.787
31.202
3.3206
8.1723
11.289
24.36
19.969
18.955
18.051
15.523
9.7276
27.746
17.232
21.835
10.289
12.472
14.094
11.335
17.82
13.257
1.2945
1.2213
1.2976
32.656
36.113
35.175
34.418
34.337
25.009
27.743
29.578
25.758
13.545
14.821
16.088
16.342
5.8843
6.111
14.002
12.317
5.9521
6.1957
10.248
25.443
5.1921
10.766
12.856
15.062
13.897
15.714
11.259
5.1742
1.1171
13.716
11.965
12.828
14.796
14.728
17.991
14.589
13.118
20.322
18.539
9.5357
8.4735
3.6632
2.6157
4.9683
10.601
7.2459
4.1117
2.9165
14.408
27.595
20.058
31.853
12.897
11.073
31.701
21.47
12.506
17.607
8.0143
31.173
30.346
30.756
16.398
4.3733
4.5419
15.044
23.287
32.825
25.254
36.273
5.3245
4.9119
5.8114
3.9516
2.6033
3.4455
3.3298
5.8483
13.838
18.245
19.199
29.464
19.069
19.185
30.771
16.275
13.281
7.8544
28.961
35.113
33.915
33.935
26.316
3.9386
14.511
21.394
37.855
41.06
58.007
66.635
49.409
4.6683
4.2539
1.8363
1.9041
1.9798
1.8649
2.5459
8.3935
9.3501
13.101
15.865
21.35
24.349
30.281
17.278
17.637
6.7155
4.3166
32.591
30.496
28.876
25.094
12.384
19.523
20.153
23.004
26.36
35.963
18.495
11.192
7.2062
4.3879
3.7949
3.4749
5.8262
7.477
5.4361
13.521
19.829
22.531
9.9335
12.544
20.593
20.279
16.008
7.2436
4.4408
3.1515
29.08
37.602
31.305
21.911
37.056
39.775
37.698
32.945
15.315
19.025
9.7918
8.2581
4.4399
2.2304
1.8016
4.1709
4.4726
6.1567
5.2109
6.9816
6.155
5.351
11.147
26.389
14.463
7.8051
7.5997
6.4847
2.2276
2.0045
0
0
0
0
0
0
0
0
0
0
0
0
0
0
0
0
0
0
0
0
0
0
0
0
0
0
0
0
0
0
0
0
0
0
0
0
0
0
0
0
0
0
0
0
0
0
0
0
0
0
0
0
0
0
0
0
0
0
0
0
0
0
0
0
0
0
0
0
0
0
0
0
0
0
0
0
0
0
0
0
0
0
0
0
0
0
0
0
0
0
0.58367
0.71205
0.87005
1.0883
1.2689
1.4
1.4118
1.2542
1.1587
1.1797
1.1946
1.1561
1.1432
1.2068
1.3079
1.3011
1.339
12.426
13.963
13.118
6.8811
5.9197
4.6762
0.74769
0.56495
0.42017
0.37501
0.35185
0.35453
0.36447
0.6183
0.62721
1.0047
1.4075
1.5223
1.4665
1.238
1.2675
1.4037
1.415
1.4665
1.4458
1.4434
1.4437
1.369
1.2644
4.0159
12.318
11.921
11.094
7.0343
7.1949
11.054
10.331
0.60799
0.6663
0.56361
0.47376
0.40375
0.38155
0.47917
0.78921
1.3421
1.5891
1.3989
1.2792
1.3779
1.4664
1.4126
1.3342
1.2451
1.2701
1.3708
1.433
1.4951
3.8843
8.8076
3.294
2.588
2.1394
5.0962
6.9082
13.628
11.113
0.83618
0.48926
0.55857
0.63604
0.51909
0.4881
0.65393
1.0869
1.5273
1.5994
1.1884
1.2498
1.3477
1.353
1.2149
1.3093
1.4137
1.4051
1.4011
1.4483
1.3662
5.3105
11.891
9.5165
10.161
7.0919
3.2556
6.2031
18.001
7.3204
5.8185
0.68677
0.46382
0.48329
0.51077
0.52326
1.1763
1.4927
1.5861
1.3743
1.1482
1.3057
2.734
1.971
1.2192
1.3384
1.2217
1.0966
1.0923
1.2152
1.5357
7.9301
14.109
14.02
14.142
12.663
16.666
21.441
19.999
14.765
5.4433
1.213
0.77405
0.60328
0.52121
0.54188
2.0325
9.4058
7.9071
4.6797
1.0992
11.098
19.877
8.5744
1.3297
1.2946
1.1411
1.0662
0.85168
0.88402
1.9385
21.649
13.871
14.035
13.898
11.664
22.698
27.003
26.442
22.978
2.1467
1.5406
1.2644
1.1951
1.0768
1.0559
13.892
15.732
6.0918
18.482
11.67
20.36
17.178
7.348
1.2852
1.2207
14.18
2.9538
3.5764
0.63624
19.561
20.628
12.914
12.786
12.802
11.446
28.846
31.978
23.42
24.216
2.0687
1.1523
1.1972
1.2939
1.3329
1.3213
3.8745
3.5376
6.8113
21.775
27.61
21.295
8.7695
4.8499
8.8176
12.327
11.151
8.6114
12.009
12.319
9.5474
5.1923
34.598
44.613
9.2913
17.338
20.235
17.699
6.7876
24.998
7.0409
7.2518
23.675
19.27
9.479
1.1777
12.093
10.701
9.3932
21.264
22.932
19.22
16.003
16.673
15.262
20.821
12.76
18.886
12.277
12.408
10.708
7.051
6.3652
11.709
30.47
31.691
17.57
19.414
36.551
32.892
12.802
34.516
12.896
13.645
37.348
4.6288
20.268
20.957
25.166
26.701
21.913
6.4483
1.9803
6.3873
16.052
31.738
22.743
21.716
31.43
9.3551
9.6415
25.945
2.2474
23.432
21.64
14.784
6.5138
10.848
12.098
14.149
29.909
31.228
12.798
12.967
33
29.657
4.8423
13.548
23.445
29.074
9.9551
10.165
5.639
8.3212
11.954
6.8123
8.2753
27.11
36.452
27.288
27.06
27.933
11.345
23.72
20.339
15.647
11.462
17.061
21.721
11.974
26.82
20.658
9.706
11.358
4.7323
3.4706
7.3396
9.5125
23.438
33.121
14.392
15.439
9.5814
4.6013
5.3613
5.1909
8.1375
29.588
26.672
11.322
8.2306
16.874
11.436
6.105
3.9017
28.721
58.494
45.841
9.0855
3.794
19.98
15.536
5.379
4.6247
4.3038
3.1071
25.807
23.855
27.83
7.0848
8.1544
8.3364
9.1797
9.5977
6.2185
9.9501
10.05
4.6318
8.6727
6.5779
8.7495
9.2348
11.258
11.276
10.129
24.756
14.196
10.276
7.4338
5.6779
3.1318
1.8924
2.7998
4.6235
3.7384
3.4837
0
0
0
0
0
0
0
0
0
0
0
0
0
0
0
0
0
0
0
0
0
0
0
0
0
0
0
0
0
0
0
0
0
0
0
0
0
0
0
0
0
0
0
0
0
0
0
0
0
0
0
0
0
0
0
0
0
0
0
0
0
0
0
0
0
0
0
0
0
0
0
0
0
0
0
0
0
0
0
0
0
0
0
0
0
0
0
0
0
0
0.39317
0.40155
0.40974
0.42827
0.48424
0.54294
0.75278
0.85735
1.061
1.142
1.3041
1.3306
1.3899
1.3258
1.2542
1.1744
1.0776
4.24
6.9499
10.3
9.4414
7.866
1.0331
0.68566
0.63159
0.43499
0.37963
0.369
0.37207
0.39544
0.43766
0.47425
0.52936
0.68263
0.65635
0.71446
1.092
1.3025
1.4949
1.5446
1.5131
1.4497
1.3875
1.4602
1.491
1.5571
1.616
12.293
7.643
8.3397
7.6415
9.9364
10.409
7.0425
0.80868
0.66448
0.61652
0.57558
0.49225
0.41265
0.56589
0.60113
0.60062
0.51719
0.56496
0.98039
1.5442
1.6041
1.4197
1.3507
1.2897
1.3505
1.4232
1.383
1.31
1.3043
2.3747
9.4162
5.4084
7.2369
5.7277
5.1625
6.8601
10.378
1.3273
0.74028
0.44459
0.57521
0.65668
0.5247
0.56926
0.40401
0.47573
0.57483
0.94047
1.3952
1.6352
1.2914
1.361
1.3841
1.5062
1.3947
1.4122
1.3861
1.3949
1.4329
6.2195
9.9179
2.554
2.5414
2.1461
9.745
6.6032
12.279
1.5464
1.2983
0.78028
0.53025
0.47313
0.47258
0.57693
0.82132
0.77348
1.055
1.408
1.9401
1.4572
1.2512
1.3974
1.3841
1.3483
1.3776
1.407
1.3477
1.4223
1.3794
6.8088
11.473
12.435
13.511
10.938
13.61
6.2337
12.205
1.2822
1.572
1.3728
1.0128
0.76795
0.63247
10.662
12.928
4.8169
1.4156
11.934
14.838
1.3846
1.3117
1.3878
1.4777
1.4742
1.3626
1.307
1.16
1.0891
8.7246
6.5898
15.117
20.421
16.473
16.629
18.407
10.097
2.409
1.3764
1.3546
1.6189
1.4166
1.1758
1.1764
15.347
11.304
8.8138
9.4587
17.217
12.202
1.4743
1.4352
1.3692
1.3172
12.506
1.453
6.1579
0.97463
0.8403
8.6658
10.064
15.032
27.545
13.662
11.088
19.76
12.897
10.141
1.3957
1.3643
1.352
1.1536
1.2756
1.3497
6.2965
9.1587
20.094
19.401
15.455
6.3927
1.9979
5.9139
10.067
15.24
11.592
11.778
13.586
13.392
6.3489
8.9452
11.045
11.927
12.525
10.68
10.683
22.015
21.476
9.613
1.855
12.979
12.446
11.596
8.3337
1.6724
11.967
11.395
15.904
17.363
13.537
12.441
15.053
8.1821
6.1477
7.5966
17.217
14.557
6.2139
14.937
9.4962
9.1858
15.837
28.046
13.379
8.8494
27.271
28.442
13.244
13.075
14.845
14.829
6.9467
7.3335
7.842
5.8799
25.397
17.736
19.429
16.373
14.544
12.032
1.8253
12.848
16.657
4.8073
9.6616
11.659
10.847
23.169
11.262
22.074
10.814
10.897
7.6217
9.7838
10.545
11.763
13.778
16.549
24.996
22.896
6.6725
3.6044
4.7259
22.321
8.4025
15.796
17.366
23.133
13.699
41.04
10.244
14.589
17.011
16.21
5.9518
12.18
15.16
26.952
21.138
29.922
8.7987
13.221
13.849
18.255
19.379
9.5003
12.437
12.595
7.9213
6.8091
8.5082
10.713
36.082
36.839
30.952
19.451
16.537
17.094
15.488
10.482
23.527
18.025
12.538
11.872
7.0044
11.234
29.324
43.61
27.456
24.159
10.506
13.59
3.8063
4.0404
5.2889
7.0754
6.4144
2.9859
3.7786
8.0276
5.9594
3.7106
4.7802
13.716
9.5919
7.7451
5.0681
3.2088
1.9662
4.5855
6.9757
9.5467
5.534
8.1882
36.138
46.357
38.493
15.479
10.938
11.795
9.1886
9.337
6.3726
7.96
11.627
10.183
8.7065
7.83
6.5002
12.519
9.0303
3.787
4.1076
3.713
0
0
0
0
0
0
0
0
0
0
0
0
0
0
0
0
0
0
0
0
0
0
0
0
0
0
0
0
0
0
0
0
0
0
0
0
0
0
0
0
0
0
0
0
0
0
0
0
0
0
0
0
0
0
0
0
0
0
0
0
0
0
0
0
0
0
0
0
0
0
0
0
0
0
0
0
0
0
0
0
0
0
0
0
0
0
0
0
0
0
0.32958
0.35633
0.34635
0.36034
0.33328
0.40788
0.48937
0.47153
0.65092
0.68873
0.71952
0.68934
0.73346
0.75658
0.7073
0.63969
5.9385
22.244
21.411
18.793
0.95932
0.49447
0.41629
0.4192
0.39157
0.30905
0.34592
0.34062
0.32244
0.3652
0.32978
0.44538
0.43514
0.50445
0.52314
0.67214
0.68919
0.74256
0.97323
1.1312
1.2291
1.2691
1.2221
1.1912
1.1656
11.456
12.394
13.18
16.186
13.653
9.8445
8.9778
0.62986
0.68881
0.56613
0.50263
0.48691
0.3954
0.41278
0.38205
0.45571
0.56292
0.58229
0.61498
0.56235
0.51592
0.76437
1.2113
1.5317
1.5126
1.4786
1.471
1.425
1.4977
1.4551
10.864
8.4822
10.415
9.097
10.5
5.2036
5.9643
0.94122
0.64033
0.53903
0.58863
0.59021
0.59942
0.58232
0.45593
0.53297
0.48857
0.49445
0.48656
0.58343
0.90792
1.3368
1.5502
1.3705
1.2698
1.3332
1.3515
1.383
1.3259
2.9947
9.603
5.469
1.8151
2.5656
3.8073
11.802
7.5136
1.5002
1.2736
1.0102
0.62274
0.46945
0.49139
0.51803
0.48078
0.50949
0.55181
0.84521
0.86357
1.1077
1.4504
1.5578
1.2318
1.3458
1.3331
1.3786
1.3569
1.3671
1.3043
4.8339
8.3129
8.9655
9.9392
13.015
11.232
14.143
7.2309
1.3068
1.5435
1.497
1.2697
0.88514
0.66484
0.57752
0.54158
1.1118
2.9052
3.9143
3.3575
1.9675
1.8571
8.0791
5.786
1.3962
1.4143
1.4092
1.3904
1.3939
1.288
7.6269
8.274
18.688
14.899
14.88
15.973
8.5669
5.2527
1.3398
1.2948
1.4083
1.6354
1.4147
1.1841
1.14
1.0968
1.3215
4.2643
5.1469
6.5447
5.9954
12.369
13.315
10.129
10.297
19.989
8.4824
16.391
8.2685
1.7828
15.128
8.7494
17.022
15.458
13.452
14.334
14.465
13.015
1.2935
4.5502
11.451
13.539
10.872
1.235
1.3171
1.3283
12.185
3.6945
3.5703
3.579
16.226
20.366
25.725
17.276
22.677
17.586
15.341
15.481
27.123
11.521
11.018
13.266
12.11
4.9599
10.718
12.441
20.502
10.008
3.6436
18.264
23.571
16.813
15.671
10.251
1.1701
1.1904
4.4008
2.3772
7.1001
6.4711
18.916
29.334
16.664
4.7534
5.2713
18.912
29.468
9.4626
17.817
18.814
2.8078
17.409
28.984
6.0169
10.428
28.533
22.074
13.528
21.762
20.077
26.886
10.219
9.9537
32.837
32.853
1.2796
8.2064
11.336
6.0278
3.4102
13.837
10.565
20.188
16.56
20.289
6.529
4.226
18.392
24.725
28.74
5.5257
7.6349
9.1628
7.053
6.9573
3.6546
5.1937
15.929
32.522
22.572
20.21
28.389
25.995
20.874
28.605
2.3151
6.4016
6.9059
8.0915
6.2781
24.697
26.077
33.471
11.77
14.005
11.822
19.581
17.74
24.357
15.943
17.032
15.838
7.6906
6.9772
7.1407
14.534
8.206
15.379
37.96
33.566
8.1217
8.3848
7.3205
9.8392
7.8105
5.9529
8.8953
3.1028
6.4269
21.3
30.431
12.09
12.215
5.3455
3.3741
5.7074
23.327
3.8295
8.954
9.38
13.582
20.35
11.884
7.8989
11.094
17.456
17.554
9.4784
19.049
56.913
6.2774
3.5333
3.8191
4.4463
2.7006
1.6686
18.88
17.993
24.471
23.138
12.378
13.871
19.128
20.894
13.553
8.0065
7.2939
6.5049
10.111
7.1731
6.3495
6.468
7.2892
8.3621
6.2514
8.8447
9.6244
5.534
39.326
45.619
3.9915
3.9881
3.318
4.8826
4.0765
2.7171
0
0
0
0
0
0
0
0
0
0
0
0
0
0
0
0
0
0
0
0
0
0
0
0
0
0
0
0
0
0
