0.438
0.42768
0.74821
1.097
0.72304
0.8332
0.90871
0.81642
1.1857
1.1415
1.6806
0.85586
0.77297
0.87001
2.5179
1.3544
4.0754
0.51444
1.4279
0.80788
3.0731
1.5606
2.2353
1.2032
3.4935
0.50809
0.98888
3.2412
2.5557
1.4063
0.80079
0.6738
1.2705
3.3488
1.361
0.8035
0.9643
0.99914
0.96411
1.4065
2.1615
0.71275
1.087
1.2546
2.2002
1.853
4.6006
3.6901
2.0353
2.4082
4.674
1.3164
3.8739
3.1363
4.4678
3.6464
1.1991
2.3512
2.1697
1.5134
0.62173
0.75142
1.3016
4.1186
4.5418
0.39478
0.97328
0.94524
1.0518
1.5002
1.7564
0.97169
1.6029
5.1104
28.203
50.924
44.699
42.611
29.412
4.5205
9.1196
0.84485
3.9045
1.9699
2.106
1.8803
1.3422
1.2596
1.2744
1.3018
0.8156
0.90894
1.3283
3.0084
3.8321
1.1785
0.97025
0.73515
0.98405
2.3396
1.9932
1.6337
15.533
34.157
32.848
45.099
26.616
33.732
43.561
35.569
29.649
0.86734
3.8597
2.4557
2.0067
1.106
1.2917
1.0932
1.3576
1.2576
0.7402
0.86803
1.4309
2.0145
1.5812
1.39
0.62403
0.77421
1.5154
3.0769
0.96558
1.3629
3.0152
2.8711
6.9827
5.0036
4.8503
27.332
2.4211
2.4003
23.047
27.01
33.457
3.0607
4.523
1.1361
1.0499
1.1618
1.0752
1.4871
0.8065
1.2322
2.8124
1.7729
1.937
2.5198
0.89106
0.92462
1.7297
2.1515
1.3898
3.4254
9.7535
12.349
14.297
19.481
35.384
22.954
18.463
9.7222
4.797
5.3934
35.226
12.781
6.4755
1.3925
1.3856
1.7025
1.5888
1.5767
0.8991
1.3244
1.7877
3.3981
4.4251
2.7207
1.3416
2.2262
1.6928
1.5762
1.6939
8.7887
10.7
24.928
15.541
11.109
9.3931
9.8253
9.9955
10.594
8.1923
5.4745
23.712
32.195
3.8651
1.2864
1.2075
1.8557
1.0769
1.4411
1.1832
1.323
1.973
3.8876
5.1655
1.3164
2.0162
3.4411
1.1879
1.6799
6.8136
6.902
8.633
13.536
11.768
11.313
14.383
12.618
13.296
13.44
5.5996
3.7409
5.5493
9.8263
11.104
3.585
2.541
1.9037
1.6807
1.1375
2.5913
2.0052
2.5143
4.1
10.798
1.1488
3.1501
2.2922
1.6604
4.2739
7.8154
10.158
8.9997
17.036
25.815
28.088
20.657
25.365
27.112
25.013
5.4799
5.4795
11.92
14.011
12.332
3.0042
1.6279
1.9874
2.1116
1.4787
2.1677
0.98027
2.4874
4.537
11.164
1.56
2.9364
2.9079
2.2324
1.8536
3.9207
11.171
21.075
36.187
25.567
26.71
25.852
24.107
26.675
21.904
0.82332
5.5021
29.883
21.88
3.2959
3.6312
4.6676
3.9251
1.7387
1.6436
3.043
0.83594
3.3461
4.1244
11.119
3.3964
3.9058
2.5754
1.7258
1.6746
2.4804
1.1745
1.5309
24.864
19.266
37.876
37.066
39.055
26.001
18.725
1.4703
2.8788
14.107
10.885
2.4255
2.6532
2.2265
4.8759
5.9678
5.1331
31.813
35.447
10.68
8.5543
8.5825
5.5763
5.2555
6.8083
6.3458
4.0718
3.4124
6.0146
10.99
14.818
18.521
24.347
28.182
28.168
15.585
13.021
2.2766
3.6811
4.758
4.9664
4.1917
8.784
13.155
12.961
13.884
7.2596
35.924
39.122
19.986
6.2282
7.4305
11.84
23.455
28.65
23.229
1.1373
1.0486
34.54
44.6
9.3556
18.348
21.146
20.735
13.773
12.056
14.587
6.9093
9.3666
23.977
25.529
39.528
26.628
5.74
16.025
28.656
17.401
29.161
33.792
7.2876
7.2648
6.4965
10.473
21.741
22.675
10.058
12.095
28.376
27.044
40.628
5.3899
12.794
19.529
24.811
22.401
29.015
23.917
18.034
10.486
23.993
37.323
21.814
41.593
37.153
14.83
20.902
18.518
16.168
3.2297
3.534
4.7597
5.466
3.9013
7.5963
10.136
7.3742
20.943
18.02
28.736
40.946
5.2722
15.235
27.421
30.768
35.148
27.214
22.507
13.836
12.582
30.712
22.33
6.0026
2.6634
29.106
27.795
17.136
11.387
11.246
4.337
2.8784
3.1963
3.1045
3.7232
8.8166
4.9919
24.331
47.489
32.239
42.836
26.136
6.5641
23.951
28.671
30.509
26.148
15.904
10.284
27.72
36.678
8.6665
4.5598
16.789
29.228
37.326
54.018
27.373
18.005
2.5051
1.4438
2.2124
4.5062
0.88379
1.241
1.176
0.69985
5.0458
11.444
9.7035
1.7566
1.3921
1.5678
1.9838
4.7102
0.6919
34.597
48.798
47.632
47.9
55.17
53.491
60.217
50.188
40.437
40.975
29.981
6.6509
5.4516
2.1903
1.3175
2.8505
3.5186
2.4374
0.83522
1.1816
1.3803
4.1459
9.0683
5.6112
3.4208
1.5796
2.1467
6.5024
4.4198
31.195
55.955
36.616
10.611
52.11
49.512
57.336
63.599
59.601
60.683
47.119
43.201
13.699
8.7847
2.1978
1.9636
1.842
3.5539
1.756
0.90892
1.0626
2.8417
4.8619
5.6139
6.9887
5.4231
2.2872
2.3977
3.4673
2.8314
25.636
30.424
4.9344
7.8487
11.966
26.623
8.8618
8.567
22.044
43.312
5.2522
23.283
32.967
11.416
2.9603
3.124
12.174
5.3138
2.3809
3.0173
1.6661
5.1771
5.8944
9.6652
8.2573
5.1219
3.3003
2.8223
2.5275
2.2645
25.934
18.289
28.021
18.526
17.968
29.383
16.698
18.775
9.4866
8.075
7.058
5.4356
25.378
11.506
2.8362
7.8557
13.567
3.2734
3.4178
3.6898
2.8372
3.8847
6.1014
12.776
7.6286
3.1335
5.1954
3.1299
3.8717
3.0039
8.1937
12.371
21.988
17.085
11.757
17.415
16.768
18.223
10.251
9.0736
14.049
9.4899
12.09
7.1673
5.2768
9.5599
7.5753
4.6473
3.5336
5.297
5.8524
4.6964
8.2776
18.517
12.295
6.8259
4.9883
3.4448
4.1282
2.9808
6.9762
7.1592
20.052
16.95
11.343
22.027
29.289
17.162
8.0204
8.8683
11.11
8.5636
16.854
10.559
4.601
3.8311
3.7154
3.5946
4.0467
3.7921
2.9461
3.9979
5.2705
20.74
12.207
4.475
6.4487
4.1497
5.0082
9.0599
8.7312
15.351
23.013
26.503
28.624
29.152
28.744
22.88
14.001
4.2924
4.7118
5.933
16.134
13.463
4.6717
3.2506
3.4034
5.997
4.5187
3.7647
3.4814
3.8678
12.622
20.846
11.836
7.3674
7.3139
29.439
8.6535
5.6594
9.1806
13.99
20.25
27.429
26.433
20.16
14.675
20.927
17.286
1.3601
2.1861
4.6822
8.8621
20.33
18.031
19.873
17.342
12.741
7.0183
10.322
12.483
10.554
14.159
20.312
11.154
25.665
25.656
36.153
22.665
3.4562
4.7345
6.1197
29.413
24.612
31.156
26.029
16.264
1.6995
4.0066
2.977
4.1287
12.502
36.838
50.404
19.338
21.95
23.163
12.93
6.2043
6.7855
4.1028
4.9649
20.213
26.28
31.182
26.013
23.044
24.85
20.212
4.0578
14.176
14.928
35.752
21.531
25.121
22.444
9.4461
17.212
20.764
12.353
7.8815
36.906
45.204
51.409
13.727
16.99
5.0757
15.325
7.0185
5.4331
4.2833
18.138
25.207
21.42
22.348
23.159
17.883
15.703
8.6451
8.8385
15.885
47.903
36.909
7.5469
17.758
24.813
27.405
33.329
29.309
17.929
7.7557
31.226
39.613
41.444
18.104
9.3074
5.4831
5.3824
4.9374
6.6728
5.4019
13.433
23.178
27.882
29.862
25.9
21.174
14.642
9.296
10.368
39.709
34.524
13.741
7.1086
17.166
26.185
30.489
32.576
31.498
10.652
8.3714
19.708
39.477
49.217
10.249
11.37
8.6587
7.3963
6.6347
8.5608
7.6683
15.614
25.687
32.802
19.659
24.706
21.103
25.374
29.269
22.957
8.4659
9.4903
9.8792
11.005
27.73
30.092
29.73
43.001
56.803
53.281
33.98
37.008
39.357
42.038
7.557
13.891
12.125
12.698
13.023
8.3927
12.704
18.859
9.4695
8.6501
11.267
12.973
14.058
11.749
27.781
17.856
20.301
15.864
8.489
35.781
29.981
33.408
28.647
35.809
49.066
54.631
47.719
30.729
27.46
9.5758
6.4203
19.594
15.836
15.438
12.327
6.3999
8.1082
22.595
20.707
12.78
23.211
29.141
14.309
12.338
10.9
19.047
27.285
20.113
17.002
40.434
26.831
26.641
28.118
27.067
26.056
22.445
23.332
15.639
1.7575
13.34
7.5348
16.289
15.434
13.493
11.905
4.9044
9.8954
21.634
37.341
46.13
38.669
28.198
1.0522
11.834
12.873
19.184
60.951
69.253
36.74
27.487
33.564
29.006
22.877
21.518
28.548
20.099
24.804
16.821
3.2192
18.253
1.415
1.4537
1.4143
1.9353
1.4712
1.8398
0.59227
0.89357
1.1818
1.9
2.7976
26.884
2.9903
5.3903
7.6073
8.1311
15.368
7.1751
9.4461
10.831
3.2123
1.2745
0.87078
1.8289
1.3018
1.8846
7.9984
8.8862
2.6457
1.1997
1.7798
1.3569
1.5461
1.144
1.4
1.4466
0.99524
1.2234
2.9601
5.2777
3.6906
29.045
8.1477
9.3914
23.512
42.093
60.683
53.098
48.478
46.18
45.924
53.869
30.603
1.9964
1.0175
5.1375
6.858
7.8899
6.1274
2.1023
1.7328
1.3871
1.6539
1.7218
1.8853
1.7045
1.5445
1.4415
2.7999
2.2239
28.298
52.415
42.237
43.779
35.126
51.272
52.365
55.984
40.406
40.959
31.448
23.183
22.842
12.534
1.1543
1.6786
1.0363
1.0639
3.8386
1.7074
4.8882
1.4205
7.9414
5.1594
1.4491
3.0268
2.0042
1.1946
1.1441
4.4248
26.98
40.469
21.388
39.705
24.807
18.154
26.728
16.634
18.797
17.305
11.885
9.1425
10.193
15.566
23.581
0.92902
0.93496
1.0879
4.5703
2.387
2.6368
3.2398
18.767
10.182
3.5362
3.9437
3.4487
3.7197
3.1752
15.642
11.78
6.9559
8.0156
14.319
18.768
13.146
13.784
32.907
18.139
14.603
16.46
19.154
14.199
20.012
20.638
2.4872
2.5525
2.2401
6.0678
6.9852
2.8918
1.63
1.9136
1.8039
1.4696
1.976
2.2027
1.661
1.822
16.274
8.7493
10.256
10.775
12.975
25.886
13.848
25.359
32.931
33.622
30.452
20.914
20.856
19.577
12.368
2.7705
1.4183
1.6117
0.92913
5.7963
3.6061
1.1857
1.9671
1.8767
1.4171
1.4689
1.6379
1.2987
1.6396
1.2088
15.019
11.382
16.323
17.745
6.5944
29.884
26.825
35.095
46.165
42.024
28.856
15.657
16.514
11.267
6.103
7.0958
2.9108
2.313
0.93144
4.7702
5.1593
3.7402
2.4248
5.5819
4.8767
6.0075
5.2182
6.1887
7.3191
10.307
13.194
7.794
13.237
14.144
2.8184
29.43
28.801
26.879
33.274
34.3
26.202
23.464
26.177
24.648
19.276
19.853
10.182
6.1818
3.644
3.1604
5.0347
5.0323
5.7279
4.0779
16.046
25.158
18.661
28.756
7.8432
15.11
23.93
31.786
29.408
29.787
3.9773
15.588
30.93
25.558
34.205
45.487
5.5803
22.314
32.311
38.687
41.582
20.75
17.807
9.6235
6.7307
3.9731
9.1283
7.0427
5.0071
5.6577
15.45
37.936
32.912
25.344
23.307
20.991
13.902
18.159
25
11.609
4.969
20.746
29.807
26.63
29.116
29.032
19.689
11.804
27.423
46.707
44.026
4.5992
4.4189
4.8379
8.9182
12.028
18.523
12.765
13.163
11.675
3.0496
8.5259
18.308
27.832
30.501
24.227
20.799
38.098
39.497
13.433
6.6444
20.804
26.875
30.099
32.862
32.153
8.2513
7.0977
27.62
34.781
21.555
7.0008
16.168
12.997
7.7505
4.0745
16.699
6.8007
6.555
6.05
7.1822
4.396
5.8661
41.623
35.646
22.294
24.358
65.199
47.936
6.1393
7.7753
27.058
29.975
30.772
30.507
27.244
25.972
40.851
39.728
16.438
10.028
25.628
23.724
30.621
23.964
8.2097
11.699
2.8027
3.62
5.4466
4.8119
5.3456
4.1384
25.666
24.914
30.759
66.794
59.313
56.373
42.882
12.168
38.268
35.106
30.569
30.146
28.037
17.643
18.862
22.832
17.119
19.114
32.024
31.455
31.899
27.504
3.4611
2.4577
2.0871
3.3044
6.9071
6.9337
13.733
19.177
17.425
44.937
66.634
65.12
60.937
69.044
65.81
43.519
32.628
45.348
37.702
31.249
26.678
14.32
13.981
25.322
23.182
13.435
25.956
32.681
35.187
29.027
18.137
3.245
4.2562
5.3177
6.0917
9.3222
9.2225
17.724
13.552
40.097
58.055
55.675
67.254
72.908
69.283
60.535
23.21
18.834
39.396
39.823
23.511
15.395
27.33
27.325
23.604
26.552
29.117
35.034
32.14
30.977
28.364
13.498
15.512
9.8464
8.2487
11.41
7.1035
17.115
23.202
27.772
18.697
26.882
55.432
73.314
74.785
60.725
17.179
4.557
16.16
23.175
21.69
18.15
15.837
23.875
29.904
32.052
24.679
35.66
36.655
34.457
31.04
27.042
32.468
7.7252
8.6384
2.0491
2.49
2.0138
4.0832
5.0906
0.91014
0.91874
1.3775
3.3543
7.3664
10.197
0.99196
0.90028
0.99719
2.555
7.2283
7.2824
4.9281
4.4131
4.1824
2.2256
2.2249
5.8432
6.983
8.674
8.2753
47.337
33.791
6.961
7.6524
1.631
1.7366
2.3227
3.5812
3.9028
1.6854
1.3291
1.9487
5.1238
6.092
6.9947
3.2826
0.71508
0.94942
4.235
7.7637
9.7825
5.5696
5.5316
10.968
11.398
25.144
39.493
41.919
40.993
42.616
67.482
48.686
4.5472
5.1287
2.6759
2.1794
1.7239
3.1328
3.8062
2.5784
1.5563
2.7239
6.4861
7.6516
7.7205
3.9866
3.0245
2.6436
4.5976
5.6239
6.944
49.712
56.355
59.821
60.663
52.991
32.212
47.324
48.456
33.651
46.811
53.865
35.329
2.0669
3.3052
3.1898
2.9744
3.3274
3.8845
2.8554
2.0561
2.5408
3.7517
9.7092
11.582
3.5316
4.0637
4.2572
4.5625
5.0095
62.474
73.457
68.832
71.515
18.266
13.726
17.415
18.489
17.305
16.97
16.27
49.563
59.832
60.566
7.6863
7.253
15.09
12.791
8.4937
2.8833
1.5437
3.5828
4.6047
11.147
12.009
7.1125
8.8869
9.8521
10.524
12.612
12.195
13.708
12.146
10.001
10.087
22.265
23.331
32.488
31.026
42.069
39.893
25.644
68.259
67.529
63.269
4.2383
10.46
11.497
3.3669
3.0429
3.487
3.5214
4.7239
18.059
21.458
17.588
7.2214
7.4678
3.5381
8.4801
9.3083
8.9487
7.3579
7.6535
8.4027
19.716
20.782
19.722
25.666
35.904
37.428
15.38
39.241
57.751
45.341
13.201
4.2325
4.5189
3.8128
4.0245
4.1433
4.3001
4.5735
22.154
26.758
25.797
5.7605
6.206
5.5924
11.999
16.342
49.152
47.895
68.07
52.783
4.1457
26.876
38.667
39.879
36.647
33.717
2.739
4.7211
17.652
19.698
19.876
3.2604
4.176
8.1566
9.256
5.4535
6.0981
6.6085
19.272
25.72
26.381
7.4562
7.6693
8.3198
7.4771
17.539
70.581
76.568
61.002
49.362
6.5726
7.7524
30.671
31.171
34.093
33.12
6.8435
9.8537
11.922
10.748
9.525
9.2529
5.0137
7.2943
8.8818
8.2458
21.679
20.349
12.393
25.461
27.854
12.705
11.682
29.85
32.318
25.512
57.997
58.063
53.234
27.779
14.553
13.501
12.414
53.35
54.935
53.086
17.143
12.444
9.113
15.135
28.518
20.435
8.9993
11.02
9.2195
9.6888
20.099
28.849
8.6519
22.007
24.149
19.496
27.27
30.494
30.467
35.469
42.537
38.363
37.58
36.567
18.014
26.494
34.843
35.986
33.61
46.97
5.0591
12.411
17.779
22.554
21.167
21.895
31.082
33.495
20.826
9.782
14.955
17.813
10.879
16.203
16.805
11.287
18.516
22.443
49.304
50.621
52.929
53.657
37.452
35.524
11.525
26.706
43.055
39.932
41.355
40.337
2.0246
1.1571
11.829
17.958
32.138
31.644
28.915
32.288
11.437
12.223
42.496
47.005
12.895
12.094
13.539
18.045
16.106
9.6742
7.1547
45.678
48.122
50.285
50.435
28.077
28.42
30.218
34.094
39.547
39.112
24.84
3.1517
2.5303
6.0711
21.383
33.021
37.039
14.17
10.186
8.3335
14.556
19.757
8.7801
4.1076
2.8339
3.6456
12.399
25.143
18.379
11.643
47.485
50.593
59.175
50.763
21.591
25.339
30.829
31.455
31.552
29.805
25.516
4.8339
3.5091
12.613
14.719
25.11
31.318
32.008
26.284
15.279
14.271
9.7287
14.787
15.247
8.7678
40.935
35.668
55.071
20.082
14.413
48.894
46.482
48.405
43.532
18.975
21.228
27.555
44.681
42.93
45.482
40.125
3.7583
3.8183
12.362
13.751
13.277
32.276
29.768
32.968
24.146
19.386
18.403
23.346
5.0959
4.452
14.273
32.535
56.773
28.56
27.155
36.444
42.999
43.769
29.924
18.145
32.064
32.035
34.744
36.474
35.871
36.322
5.5809
9.584
23.161
28.915
28.832
40.648
41.187
19.27
11.519
11.449
21.612
26.162
2.928
4.249
6.0635
34.34
37.363
41.657
29.069
28.863
43.95
47.936
40.163
8.9726
30.383
31.52
32.798
30.301
27.449
30.862
18.462
18.765
17.66
19.051
14.253
14.4
13.681
11.061
10.539
31.818
35.75
35.19
8.2461
8.116
7.7391
1.4355
2.0262
3.9729
4.6774
4.9894
1.2901
1.6997
4.307
8.7998
8.746
4.8215
1.9061
0.86665
2.5104
11.208
16.076
15.837
21.934
21.809
22.986
19.905
22.028
21.941
17.735
40.545
45.958
46.195
7.7045
7.705
7.1128
2.2399
1.9417
3.5604
4.9324
4.9183
1.5759
2.5159
4.9679
6.5202
8.2855
9.0795
5.4691
1.9327
6.2886
6.673
12.209
8.7018
9.6253
17.561
17.945
18.239
21.246
22.243
23.119
40.148
54.106
53.207
34.639
2.1257
1.8803
4.0859
3.981
2.5576
4.5257
4.4363
1.0716
3.7007
8.0851
8.6936
8.8945
6.6654
5.579
4.7863
5.7215
5.9768
10.941
16.293
17.221
15.536
9.2194
9.7679
11.456
15.639
18.065
25.709
34.656
54.824
60.688
55.937
23.157
3.2805
5.9973
15.309
14.655
6.0653
2.2138
2.8235
4.4302
13.272
17.335
17.158
4.7383
12.555
13.034
9.3084
6.178
15.896
15.495
14.031
8.2658
4.734
4.6077
6.2599
7.4717
13.077
21.947
23.348
65.85
67.437
65.929
2.9801
17.637
16.488
14.209
3.0372
2.5818
2.4199
4.7818
12.496
21.033
20.495
8.8782
11.028
10.852
8.2128
6.1163
18.571
20.119
18.235
8.761
7.8363
6.5498
4.5126
4.6372
4.6053
7.2083
14.42
30.159
68.953
66.808
50.67
8.4073
3.8119
3.5245
3.0337
4.7065
4.5768
4.7382
10.277
35.995
34.596
12.169
7.4797
6.5166
7.4724
3.4506
15.44
18.922
22.964
26.838
25.677
8.7302
18.391
25.842
25.917
12.838
2.3866
21.938
37.354
29.694
28.954
20.605
5.3353
7.004
8.7335
7.657
6.7668
6.5973
9.4761
29.913
26.686
12.817
10.126
10.393
12.754
5.3149
10.585
11.302
10.115
7.9971
7.8419
8.2397
8.2795
2.8373
1.5186
1.2361
2.0925
16.731
59.479
25.137
17.213
3.4585
2.5466
4.8165
11.39
9.578
8.9196
14.427
18.217
22.705
24.387
20.012
15.393
28.129
27.095
19.893
19.65
18.9
14.239
3.1577
3.7794
2.8782
2.8289
2.8118
1.8228
2.7136
8.0476
12.561
43.541
51.202
47.269
26.18
4.4395
3.5743
27.228
28.142
16.972
19.021
16.639
20.217
22.145
20.544
20.128
35.407
28.38
27.1
27.648
23.852
5.3361
8.4473
9.3991
10.562
9.5119
8.468
3.84
2.5137
7.611
23.508
32.459
37.16
44.766
34.122
25.763
34.786
28.375
31.636
18.715
14.022
12.529
31.286
29.052
28.028
18.234
41.074
39.264
26.064
26.672
19.455
4.5893
4.3827
9.6638
11.324
20.915
21.947
6.4402
3.3548
3.3295
2.6698
40.453
52.034
31.416
41.794
37.524
32.548
24.93
13.605
54.548
52.171
34.526
21.002
23.138
25.927
10.901
12.527
28.196
28.009
29.437
6.8855
6.5554
6.3682
12.042
27.656
31.148
30.77
9.1225
6.2642
3.5215
2.1437
4.9949
51.046
41.488
37.388
4.9142
11.856
20.782
18.98
45.123
34.513
28.524
18.919
16.614
17.096
6.0456
5.204
7.2887
16.859
17.23
15.157
6.0548
5.6067
26.889
31.532
31.907
17.893
5.3052
4.9521
4.7947
4.106
5.9197
15.445
39.171
31.092
30.214
23.229
15.823
38.98
41.179
30.74
19.767
18.129
8.1408
2.2974
2.8724
3.5267
8.9805
25.745
25.453
10.339
6.0255
8.8429
17.926
19.794
18.118
16.521
10.451
5.3655
5.5935
4.0238
5.5034
10.315
12.783
22.966
23.789
28.593
19.335
34.059
37.109
29.531
22.458
16.043
41.399
43.369
40.864
12.657
35.039
31.925
29.153
7.2115
4.7092
16.037
26.603
25.832
12.278
18.858
19.004
14.976
4.7239
4.4819
5.9035
25.744
27.449
33.921
34.735
32.618
35.113
34.801
32.34
32.744
23.488
12.865
6.2403
31.557
29.561
24.495
12.912
17.885
18.199
5.3802
4.3484
27.516
33.025
30.862
28.154
27.252
27.523
24.662
7.6504
5.208
7.4364
36.432
36.668
30.733
30.093
33.127
6.0816
30.173
32.996
26.988
23.036
25.82
7.2332
36.93
35.935
33.237
24.487
