3.9412
5.2716
5.7229
8.4056
10.228
8.8047
7.9549
7.9603
9.1272
12.616
11.007
11.892
11.975
12.229
9.5786
8.3741
8.9222
10.353
10.988
19.032
13.23
9.8463
8.0772
11.199
9.3243
8.0248
9.3947
12.829
8.7153
6.989
5.4578
7.8175
6.0546
6.3312
7.3293
6.9181
8.3012
8.3585
13.098
11.63
12.549
11.795
10.409
10.113
8.9317
7.4195
6.9985
8.845
10.596
18.669
14.842
11.552
7.969
6.2193
5.86
6.8627
8.6002
7.337
12.465
8.0057
8.3487
6.014
5.8553
6.1239
5.9152
6.6191
7.6708
12.261
9.0298
12.896
10.563
3.3845
1.7499
1.7084
1.698
3.0221
3.4731
5.7631
9.7529
18.774
16.34
14.122
11.046
6.5108
6.2762
6.9568
4.9622
8.0389
10.491
18.965
11.183
7.939
10.739
8.7605
8.0557
7.245
9.9518
8.668
8.8417
9.0538
1.7869
1.6578
1.695
1.7197
1.7245
1.6771
2.1234
4.7973
4.8421
17.724
25.358
28.861
18.359
8.1428
12.388
15.375
10.369
7.4018
6.539
9.3987
12.176
16.991
8.5722
8.5318
9.1171
12.742
11.467
8.908
8.2913
2.699
1.7636
1.612
1.6408
1.7063
1.6214
1.5887
1.8086
4.218
5.0208
16.432
40.672
24.799
13.153
7.5934
8.9836
10.615
11.171
9.7682
12.664
7.5024
12.013
11.724
10.175
10.074
7.612
11.638
11.888
7.385
7.0971
1.6376
1.6916
1.5851
4.4504
4.4316
1.5768
1.6974
1.5812
1.6178
3.3301
17.51
6.2237
30.256
15.231
12.539
9.7163
21.062
12.221
11.703
13.088
9.9463
9.6605
13.525
10.486
9.9619
10.323
12.073
11.877
7.7161
4.2932
1.6577
1.5582
6.0791
5.1744
9.5856
13.951
5.8623
1.7487
1.8587
1.5551
19.123
5.286
6.1973
17.726
16.092
9.5281
19.145
10.026
9.8814
11.82
13.183
7.4475
12.047
8.8846
9.1381
12.703
11.426
11.02
8.2466
2.8244
1.6613
1.7953
5.7935
4.5996
6.7574
22.425
3.3933
2.1637
2.0021
1.8102
17.379
8.8994
2.5685
16.423
18.056
13.955
12.696
14.284
13.02
16.438
11.725
6.5226
9.6349
8.5645
9.953
9.6233
9.6547
10.496
8.4284
3.6723
2.011
2.2774
4.9408
3.7159
2.7581
11.298
14.329
10.534
2.3002
2.0562
6.1229
18.712
1.699
19.498
14.882
13.35
11.4
16.545
11.198
12.837
9.7866
13.34
14.02
11.695
11.553
13.482
14.21
9.9469
7.8982
6.0005
2.4468
1.9233
2.6066
4.6231
7.5345
13.285
6.7277
11.044
6.383
2.7419
7.3049
19.302
4.6214
26.938
12.735
20.859
10.174
16.065
12.49
12.252
12.018
8.8487
14.152
9.5331
7.9522
14.548
14.626
9.7963
8.9404
7.7407
19.368
4.2346
5.5813
5.6644
11.505
10.121
2.9234
6.6544
6.7668
10.538
5.7352
19.869
23.237
10.804
16.125
15.268
14.957
15.078
16.007
10.697
8.9059
6.5684
8.5824
10.946
8.2079
12.964
12.152
6.9321
7.5618
7.5481
30.31
2.3324
9.0795
12.095
10.252
4.0539
6.9776
7.6218
6.4171
12.909
17.274
19.726
14.056
11.106
16.864
17.207
24.183
13.87
11.667
11.651
9.9597
8.2633
9.6941
10.715
10.824
13.586
11.869
6.653
6.7563
7.1897
26.482
10.224
7.2938
15.604
3.0326
1.9076
8.2124
6.0385
6.8469
8.3415
5.6275
21.375
17.651
12.296
13.447
13.787
21.026
13.288
11.542
15.042
7.2014
5.9525
5.132
8.1358
7.6708
9.0381
7.4322
7.7667
5.5986
19.115
10.989
11.395
8.7833
21.183
2.7645
2.9741
2.3923
4.8289
6.8561
5.301
4.9748
19.347
12.029
16.071
11.021
14.113
10.795
11.049
11.012
12.188
10.322
5.0612
6.0829
5.5331
7.7242
6.6892
7.3987
7.5469
5.0536
9.2867
4.7784
5.8277
10.536
21.464
1.9411
2.008
6.4899
5.7206
5.6449
12.405
6.6948
18.445
10.407
10.073
12.209
10.868
10.803
9.3313
9.6266
10.657
11.194
4.8271
7.0289
6.2412
7.3954
7.1354
6.9408
4.1498
4.9299
4.8087
4.6659
4.9096
13.693
15.513
4.2584
3.2625
14.094
11.605
5.3661
15.109
10.98
15.327
11.886
12.246
18.59
10.635
11.235
10.383
10.897
11.263
5.7317
5.0636
7.5177
8.518
7.2336
7.8665
11.438
11.605
9.1067
10.96
18.968
13.992
12.569
11.991
14.007
9.8121
7.3391
10.095
10.31
8.8639
25.747
12.199
9.5318
13.298
14.46
11.63
10.703
21.097
11.98
15.656
11.772
8.3442
7.2303
7.4465
9.6616
7.9243
8.6625
7.9921
8.7732
16.546
11.756
12.281
15.727
18.557
19.002
17.661
16.341
15.227
12.376
10.273
24.691
11.851
10.595
11.369
11.774
11.745
13.067
9.5269
20.832
10.185
9.3355
9.5154
11.385
6.433
6.6772
7.6576
7.6271
7.4594
12.698
9.8351
14.282
20.779
25.131
20.669
1.8485
1.8136
1.8592
4.383
4.191
8.9542
26.691
13.584
9.578
8.5674
7.2171
7.1051
7.9581
9.6665
11.237
18.957
14.513
5.8212
6.7253
8.6866
8.0663
7.0986
7.7576
11.065
10.439
10.101
20.387
22.908
2.0701
1.7085
1.7595
1.8545
1.7285
2.6093
3.0849
8.4148
23.153
13.517
14.871
12.133
11.491
13.208
9.7733
7.242
8.8132
8.184
18.467
5.1499
5.5634
7.8954
8.4011
7.7843
10.633
14.905
11.924
19.207
25.988
1.8512
1.9039
1.6705
1.7213
1.8223
1.7312
1.9058
3.659
8.9563
20.985
20.035
13.526
11.477
9.3513
8.7436
9.3105
7.0899
7.3389
6.2799
10.054
5.1137
4.864
8.7067
8.664
7.8856
13.714
12.354
12.651
24.998
7.6989
1.8363
1.8063
1.8187
1.9949
2.1423
2.0814
2.5837
2.2641
5.8681
12.745
22.686
14.706
12.212
9.312
8.0825
9.1304
10.309
7.9468
7.6204
7.3738
6.5037
6.0554
7.6997
11.883
8.0315
12.011
10.369
12.257
30.375
1.7275
1.823
2.0762
7.4551
3.4289
11.173
9.6786
1.6934
1.9243
2.1234
4.1239
27.537
9.7259
18.366
10.529
10.922
8.2771
9.328
6.2404
6.2631
7.3759
5.3502
7.4912
9.1784
10.599
8.6885
10.369
8.1707
10.742
27.064
1.9069
1.9889
1.937
3.7183
11.28
6.8316
12.609
13.097
2.7024
2.5858
2.2273
37.73
6.1111
15.745
11.741
12.511
8.6995
9.3835
6.9673
6.5059
6.2002
6.7039
13.269
12.51
15.415
11.288
12.052
8.4692
10.114
21.657
1.9784
1.8746
2.0053
2.3436
4.1546
2.3015
2.0255
18.689
5.1308
2.8012
2.8983
37.763
1.863
10.881
13.078
14.215
10.358
9.3651
7.0458
7.6507
5.6229
8.5755
8.1789
9.2026
9.2591
8.7554
12.169
8.1273
9.5713
15.948
2.1963
1.7615
1.9542
2.2335
2.797
2.4777
4.581
10.308
5.5614
7.2219
11.977
36.249
1.6313
15.77
11.74
12.591
8.7707
13.052
5.2239
8.7436
5.0501
7.5341
7.1642
12.19
13.74
10.103
11.57
8.6903
7.0102
8.8306
8.291
6.2539
3.4941
2.0107
2.8213
6.6877
18.442
13.031
6.0411
13.013
15.273
34.239
11.696
10.957
9.9609
12.019
9.5957
8.3072
6.7397
6.766
4.9
6.5684
7.4286
14.203
7.6017
9.9076
7.4744
6.827
7.4573
7.9342
8.9668
19.05
2.3593
7.2385
7.2419
17.151
12.81
6.8319
6.6435
24.459
22.76
21.451
12.209
11.386
12.499
11.151
9.0105
7.122
8.0084
5.7947
6.0091
6.2045
6.2071
7.72
6.3958
9.6604
8.2368
10.566
6.6401
7.6549
10.98
23.855
3.5559
8.7846
14.601
2.9381
6.81
9.6543
12.206
22.911
12.141
23.4
13.056
10.144
9.2916
11.401
8.3444
7.1701
5.7124
9.7267
4.7279
6.6819
8.0994
4.7952
5.3789
8.503
6.6632
6.3619
6.9402
7.5211
18.368
20.805
9.1297
4.6479
17.557
3.2989
2.9412
4.496
16.25
17.115
13.102
26.9
12.548
8.0101
9.2819
6.1668
7.0452
5.2772
5.6422
5.085
5.8991
4.9549
6.2731
5.9106
5.245
5.6207
7.2799
7.3207
15.686
16.333
14.864
4.29
5.5059
13.34
11.527
2.9303
4.8799
9.7299
8.4157
7.795
12.276
14.386
23.946
11.862
7.6358
6.5697
7.5987
7.6425
5.7461
8.5406
2.8127
5.1065
6.0215
9.2057
8.1117
5.8072
9.1614
12.212
7.3818
4.548
4.1661
4.3283
4.9111
4.9137
22.007
2.2399
13.702
11.56
7.0574
16.747
13.023
7.9096
20.133
16.901
8.0074
9.53
11.599
5.3947
6.7706
6.4558
5.7726
4.6519
5.7388
8.1116
10.745
8.4539
6.9199
7.2305
8.6318
11.741
15.159
10.074
10.003
13.655
9.9699
9.1914
9.4596
23.094
13.531
15.37
20.979
9.4722
12.064
7.9017
15.186
10.198
22.799
33.465
8.9732
10.239
9.7585
8.8903
10.334
6.4688
9.0797
9.6662
7.2284
7.1403
11.871
16.128
12.342
13.72
9.9422
17.053
19.693
18.528
19.152
24.504
15.292
14.638
19.844
15.34
10.116
10.855
10.339
14.309
9.3233
21.469
30.148
7.9536
12.613
6.586
10.495
9.7984
7.5881
6.6949
7.5874
10.528
17.85
9.5105
13.051
17.081
18.733
12.301
1.6595
1.6413
5.8103
6.2221
14.707
13.419
20.255
14.712
13.951
9.3049
10.263
7.6268
9.4379
9.079
22.296
20.356
7.8757
11.089
7.7333
10.789
5.8444
6.0345
8.1581
19.006
12.439
10.599
14.131
11.209
1.747
1.6842
1.5829
1.7243
3.0199
4.6521
10.925
13.099
20.027
13.55
10.662
7.9761
8.5838
9.2876
13.322
4.6754
6.4832
10.458
14.779
8.1862
9.97
9.7811
9.5576
9.1141
24.06
10.448
8.3963
11.244
10.335
1.5474
1.7378
1.6563
1.671
1.7497
1.7638
3.4001
17.642
12.917
21.056
22.664
12.618
7.6438
6.5879
7.2363
7.9754
8.1509
5.7484
6.6054
4.612
9.2222
8.8469
8.611
9.1757
15.184
14.677
13.748
9.6724
11.375
1.5958
1.6165
1.7328
1.7089
1.7502
1.7474
1.9337
2.2244
5.5277
14.055
20.56
21.72
15.168
7.3012
8.5463
9.0216
5.7085
6.4885
5.5024
7.4692
8.4619
11.3
10.296
7.9264
11.341
10.942
14.248
10.496
10.741
6.7635
1.6072
1.6483
4.7738
10.6
20.117
31.905
18.245
1.4863
1.6419
3.6163
19.492
18.785
20.461
12.1
7.6012
6.0814
6.1536
6.4844
5.5596
4.4237
3.0986
16.654
11.588
8.3677
11.709
11.726
14.155
9.9689
10.341
1.8759
1.6996
2.2047
4.386
4.9743
2.7906
16.178
33.914
2.1328
2.5088
1.5123
17.846
13.839
11.391
19.226
7.7947
7.9169
7.7278
7.5191
4.6008
5.0643
3.6417
22.122
10.012
9.3298
8.1439
9.7577
9.8216
12.221
10.828
1.7368
1.7145
6.1841
6.77
4.0309
3.8809
3.5007
15.755
7.5915
3.7984
3.0997
10.896
16.615
2.0856
11.71
6.8925
8.6543
6.4268
7.6251
4.7079
5.1595
3.833
11.607
9.1767
10.296
9.9776
10.968
10.775
13.655
9.559
7.4951
1.7185
4.3535
7.214
3.1824
8.2891
6.6954
10.702
15.543
6.6529
2.9807
7.1553
18.156
1.6095
7.7203
6.5567
7.1563
8.3976
10.56
8.0658
5.789
6.8033
7.9145
12.488
11.077
9.7678
10.646
10.321
10.679
8.252
10.673
2.6846
4.0896
5.5316
5.848
10.814
10.077
10.374
13.516
10.217
10.658
5.2516
19.853
9.8367
9.3585
6.5726
7.7526
7.3233
7.1387
6.3836
8.6141
5.9626
7.3944
10.914
8.8091
9.8874
10.24
10.68
13.177
8.9222
9.1348
7.3309
3.628
9.827
12.775
10.118
9.5183
8.9605
14.586
9.4731
12.017
10.952
20.137
11.211
8.6957
6.652
9.2557
7.6457
12.46
6.5803
5.9572
6.3619
7.3091
8.9929
10.174
11.644
9.4859
13.206
12.595
8.1583
9.3052
10.514
11.589
8.6261
18.18
7.5093
1.9978
18.512
18.29
8.8172
8.7059
19.834
21.757
9.2003
7.5148
7.1495
8.6159
8.7269
8.2673
5.8303
6.8028
5.9429
9.7993
7.0793
9.7309
10.603
8.9804
12.447
11.747
7.3199
9.7108
12.11
13.299
21.596
12.647
4.9346
2.3449
4.6911
11.834
10.988
11.762
8.8572
22.821
15.202
7.1203
9.3635
8.3401
7.2487
10.325
5.0468
4.0173
5.9256
8.79
6.3618
9.1498
9.6282
10.362
9.5356
7.8528
21.102
20.038
5.508
7.0412
22.03
28.515
11.178
4.7671
5.7612
8.9166
9.3275
7.1204
5.6369
22.386
15.48
8.2503
6.8263
6.398
6.7625
4.6392
5.9306
4.3174
14.178
9.1301
6.8254
7.3453
6.7212
8.3933
8.8408
16.612
6.4148
5.5243
5.7872
5.8598
8.96
12.458
6.7601
2.6834
15.029
7.5267
5.411
16.334
8.8322
19.802
14.228
9.174
8.5067
7.1724
6.0416
4.7213
7.5638
5.0161
7.2244
7.0423
5.8579
6.0832
8.859
10.788
9.2494
8.9012
8.3703
8.2222
17.888
17.937
12.057
11.913
10.877
11.236
8.3102
9.948
15.603
15.547
10.764
11.573
10.942
13.01
10.288
10.531
12.751
11.019
13.104
9.4624
8.0927
6.5288
6.7937
7.8713
8.6169
9.8701
9.7845
8.9597
8.5301
17.649
18.243
10.754
12.1
12.418
11.447
10.396
9.3825
10.766
16.194
11.106
17.215
14.742
11.32
12.256
12.066
13.437
12.863
10.063
10.823
13.031
9.0694
11.638
7.8606
7.3862
8.3532
10.301
9.2144
8.707
13.238
15.525
12.982
16.004
16.233
15.506
15.187
13.98
12.931
13.743
12.469
12.469
14.209
11.61
11.349
10.816
11.263
10.357
13.482
12.505
11.877
12.695
17.995
17.67
10.634
8.0699
7.5042
8.8314
9.6008
11.157
14.072
12.28
14.477
18.942
9.8422
1.8125
1.7243
1.694
2.2047
3.0671
6.5026
10.362
14.819
11.92
12.184
14.276
13.781
13.633
12.65
10.097
8.6357
9.6139
16.768
9.1983
14.177
24.656
17.485
12.715
10.546
14.471
9.7583
13.686
15.347
2.6549
1.6869
1.7336
1.6636
1.7167
1.7094
2.5145
6.6437
9.0178
12.998
13.584
12.61
11.703
15.766
11.172
8.2918
7.2517
7.9258
4.8006
10.551
12.243
15.267
15.885
12.643
10.764
16.688
13.642
11.822
13.147
9.3838
1.6463
1.7028
1.6967
1.6901
1.7088
1.7164
2.2672
7.9173
9.0666
11.377
15.226
12.858
12.538
18.571
11.417
11.641
7.1618
9.8034
6.6581
9.4625
14.564
17.808
19.061
13.177
12.482
13.339
11.057
10.848
12.05
1.6693
1.6196
1.6275
5.042
3.3357
1.9755
1.6352
1.5656
1.7059
7.115
11.666
9.893
14.627
12.178
12.241
11.734
12.121
8.2751
11.841
7.613
6.5817
13.806
16.544
16.913
14.377
15.703
13.772
11.75
8.8368
7.6977
1.5839
1.6241
9.3181
6.2797
10.492
23.442
1.9771
1.5793
1.4673
1.6038
14.324
8.1518
9.8036
18.17
9.3456
10.09
8.5945
8.4929
12.477
10.234
8.6619
12.162
14.066
10.182
15.464
16.342
10.314
11.185
9.4934
1.6955
1.6636
4.8685
3.0259
3.2178
2.7502
24.834
16.015
2.4089
2.6366
1.8292
15.946
2.5793
3.1579
14.58
9.139
8.53
11.348
8.3168
11.427
4.8086
5.9224
9.8705
9.1952
9.8484
16.306
17.604
11.583
12.535
9.2149
4.4189
1.7431
5.116
2.0184
3.2462
1.7973
14.148
9.8475
3.4851
2.5064
2.7915
5.8719
15.407
1.4612
11.532
11.634
8.9533
10.806
10.231
13.2
6.7862
7.0896
10.181
10.567
11.738
15.677
14.306
11.444
9.5453
7.7485
6.532
1.5602
4.3577
1.8718
5.7217
10.409
7.2368
7.119
7.9968
5.982
4.5037
7.1752
15.438
10.961
19.15
14.831
13.276
12.018
8.1495
11.194
11.441
10.123
9.0096
14.114
10.595
15.309
9.2853
14.488
8.5194
8.1909
7.8589
9.1801
4.4151
6.4953
6.6892
7.5563
11.912
4.3883
6.6422
5.3679
10.699
5.9409
22.467
23.606
15.321
16.931
12.092
9.9822
14.412
7.8109
7.7254
9.6391
11.771
14.115
14.363
14.842
8.2949
10.818
9.0794
7.7596
7.5879
13.332
2.9986
8.2826
11.687
7.5533
4.0511
8.3271
6.3909
5.3223
16.72
27.09
29.809
10.28
14.814
13.683
12.237
8.84
17.181
10.324
6.219
6.8333
8.7975
12.932
10.491
12.692
11.22
10.378
9.329
7.7552
8.27
16.579
11.31
5.662
9.4238
2.2781
1.7413
8.4143
10.377
9.0383
13.413
8.3169
28.253
15.087
10.183
10.205
10.378
11.776
12.839
10.975
7.6243
8.8886
8.4659
14.411
12.049
15.318
8.4203
9.9598
9.915
8.7358
10.624
8.4352
14.439
14.575
11.334
2.7537
2.7055
2.7839
7.6304
11.129
9.7119
9.2483
12.577
19.444
13.372
7.1338
11.048
9.1891
7.4063
5.7804
25.743
4.3554
10.506
14.403
11.549
9.4984
8.8663
11.972
13.367
15.057
10.834
4.3168
5.3596
13.872
18.752
1.993
3.024
6.8301
7.8474
6.2361
8.554
8.1844
12.119
7.0159
13.618
7.4873
6.4476
7.954
6.4498
4.3578
3.735
4.0202
19.316
10.226
5.4771
7.2695
8.2851
16.108
14.581
12.998
8.9266
8.7065
13.716
15.106
9.6739
8.5772
10.653
6.9401
8.0981
20.099
14.178
25.584
11.698
7.414
12.636
15.176
12.228
21.614
32.2
9.164
10.63
7.5733
7.4803
7.9801
8.9712
12.258
11.916
8.6175
10.551
9.2763
8.917
15.859
21.995
10.143
10.989
9.5625
9.632
7.1197
9.4331
19.061
6.7479
23.884
11.269
10.798
18.738
14.118
13.546
9.8323
26.225
37.71
13.397
13.198
7.621
12.631
13.038
9.4926
11.414
11.053
8.3992
7.97
16.072
30.598
12.667
9.7303
10.662
10.18
8.3465
9.5412
9.1351
20.482
11.584
22.487
11.269
10.338
11.895
13.9
14.393
15.335
13.583
19.044
36.57
16.586
15.405
11.878
9.3292
11.196
7.9573
7.342
7.718
10.277
28.018
14.465
10.253
17.475
15.173
12.904
9.4907
7.0634
9.1312
11.003
10.808
20.545
13.13
12.606
11.73
9.1121
11.155
10.892
15.838
12.212
17.148
28.775
13.555
13.57
10.403
6.7864
5.8672
6.6052
7.3388
24.726
21.861
13.551
26.824
10.556
1.7023
1.6488
1.7073
1.7986
4.2568
4.8909
8.4407
18.961
14.369
12.245
12.504
10.832
8.0282
7.8979
8.3786
8.4773
6.7131
9.6215
7.4422
13.84
11.732
16.913
17.241
10.3
20.698
26.912
11.215
25.935
10.14
2.0069
1.7347
1.6883
1.7064
1.6707
2.0034
3.531
6.6497
17.982
15.074
11.197
11.545
9.9165
6.0057
7.8142
5.3378
8.5833
5.4237
5.4595
8.8045
9.186
11.94
11.807
14.59
14.369
27.615
12.529
18.361
20.908
1.6203
1.7839
1.6755
1.7031
1.8161
1.7511
1.7332
3.7247
5.9594
12.067
14.257
14.107
9.6046
6.9128
8.017
7.9685
6.7801
5.1832
4.7264
7.8144
8.1583
13.848
12.344
12.582
14.469
11.284
17.597
12.486
25.148
1.6838
1.6634
1.7648
5.1291
5.9342
7.6101
1.7528
1.5062
1.4758
1.9969
14.407
11.84
12.219
8.9364
8.107
8.6164
7.4605
7.7889
8.4453
6.9161
8.2098
8.0603
9.8105
11.414
9.7483
9.8334
11.454
9.9472
11.951
21.951
1.7135
1.7392
2.0448
9.3572
4.0888
6.861
21.506
1.6594
1.7621
1.7554
3.9939
14.398
5.915
10.78
6.3671
5.7306
8.0893
8.8712
23.342
6.5629
8.9896
9.3883
9.0257
16.673
9.4963
10.2
12.599
11.96
10.284
19.925
1.7491
1.8388
2.192
3.5883
2.0662
1.9894
14.05
9.5292
2.819
1.9614
2.3043
11.348
1.613
2.3445
7.0759
11.386
6.9844
15.546
32.642
7.4282
6.7353
11.616
10.637
14.82
13.87
10.615
9.5036
10.507
8.5846
16.793
1.8915
1.6509
2.3105
2.2731
1.9213
3.4604
10.012
13.362
3.3242
2.5975
3.4375
12.82
1.6904
5.2311
8.955
20.675
8.439
8.2475
11.023
7.648
11.509
9.6051
13.509
10.17
12.276
12.587
8.7343
10.467
11.417
8.2844
7.9697
2.1466
2.5081
1.7137
5.2175
7.3235
12.824
13.397
9.5605
8.4094
8.6955
13.901
2.6964
10.444
8.8365
7.5817
9.773
7.1397
8.0494
9.0511
8.4368
9.686
12.423
11.023
11.114
18.39
9.8516
10.529
14.879
8.857
8.9069
19.563
4.2939
4.325
9.8204
14.737
8.6304
4.3512
6.5148
16.186
19.288
13.72
13.576
11.549
7.911
8.2412
8.078
7.0536
5.6552
7.4547
15.954
7.5169
12.659
9.152
15.561
15.043
13.063
10.636
15.119
9.0164
13.309
19.474
4.9205
8.3622
11.216
3.3779
7.3943
7.1367
8.0946
18.45
15.863
12.566
12.907
9.1169
9.5733
9.6978
10.61
7.8445
9.9126
10.673
8.6779
8.1614
11.037
10.041
13.312
9.3056
12.66
9.6208
12.836
9.2114
22.249
12.991
7.2823
13.38
8.3375
1.7948
2.9145
4.5226
11.345
17.499
10.374
14.674
9.7944
8.5862
7.0679
7.5135
9.5787
6.4269
5.5198
8.244
7.5485
7.9779
8.9738
7.8466
9.2134
9.5333
9.2192
9.2353
13.58
15.94
17.267
4.521
7.1653
16.626
7.7459
2.4582
3.2919
5.5177
9.5393
10.243
10.025
10.677
12.895
9.4955
6.4137
4.7658
6.7947
6.5118
5.7771
4.5454
5.7475
