5.9624
5.1853
9.4071
10.921
11.85
9.2495
8.9359
4.4479
4.4179
3.9843
7.4825
3.1183
2.8392
3.6849
6.5883
6.7422
5.2707
9.4281
9.6338
9.3467
4.0583
3.9424
8.0086
8.2305
6.0759
8.6434
13.653
11.659
10.521
10.509
11.049
13.805
14.338
7.443
11
12.566
12.351
5.0565
4.5076
4.2158
6.9579
3.7934
2.7456
3.2567
7.1628
7.5725
5.6224
7.736
10.549
10.1
5.2349
4.7193
12.272
12.423
6.7641
9.4696
10.881
6.0823
5.123
4.2457
12.717
10.208
17.902
20.926
21.778
20.312
18.595
14.097
11.24
8.637
14.577
12.503
10.545
14.321
16.679
18.295
16.208
20.952
22.007
22.734
20.076
20.599
28.721
30.753
29.442
31.805
32.119
11.091
5.5968
5.2219
6.5966
8.1681
10.325
13.382
15.398
16.263
14.947
12.464
10.599
8.3684
10.461
6.0123
4.4328
7.5453
7.2773
11.343
14.777
23.805
26.402
15.549
12.622
12.95
12.217
2.7415
2.9407
10.116
20.322
24.475
24.596
23.852
3.5529
3.9857
6.2202
8.8839
7.6212
6.4656
8.1044
7.8212
13.729
42.058
33.023
4.3538
4.8491
4.5481
5.538
6.0741
5.784
8.9497
13.213
7.5461
8.7111
13.852
15.674
8.292
8.7133
8.1347
9.7239
10.422
10.2
8.9355
6.3782
6.8124
8.7261
12.434
12.403
14.946
12.72
11.232
23.089
43.997
19.351
8.5309
21.26
30.663
19.872
45.252
5.085
5.0143
11.297
8.0313
6.1714
17.597
18.595
6.6414
5.7735
5.9356
4.3869
4.2242
5.0111
4.7092
3.8893
4.9015
14.897
16.618
8.4767
12.899
15.114
7.46
25.351
22.974
22.833
16.747
12.556
48.588
42.904
45.415
5.3362
5.3678
29.602
44.591
8.3241
8.4697
34.971
42.457
28.16
18.83
5.0163
5.0474
5.811
4.9182
4.3423
5.1306
16.82
17.58
5.7348
7.1865
7.9933
18.143
46.668
44.27
45.98
55.209
50.393
40.615
53.753
34.204
25.884
5.2718
17.672
48.831
15.464
29.635
36.39
41.478
40.939
31.36
7.3811
4.3484
4.9666
4.6667
3.6306
4.8883
15.401
16.314
5.1508
6.6917
8.0902
34.005
37.615
43.254
40.612
34.607
22.402
11.925
30.952
31.973
4.6842
30.962
16.575
28.309
30.665
17.28
27.506
36.743
35.239
44.938
5.0296
4.6104
4.4198
4.6936
4.4491
5.1056
15.905
17.969
9.7796
6.4755
16.967
36.569
42.356
37.904
35.951
34.244
28.201
37.117
41.444
33.662
7.5515
40.688
35.594
20.901
25.09
14.595
18.103
24.87
24.223
15.968
5.9862
5.881
4.3513
4.2701
6.3808
6.9451
39.606
41.036
18.225
32.616
34.005
21.56
44.779
42.48
18.485
48.927
34.11
25.066
40.666
30.982
25.621
18.469
23.82
9.4335
28.08
13.083
23.311
20.974
19.854
11.655
4.6297
4.9961
5.3825
5.0635
5.384
14.08
29.596
29.209
21.927
28.926
28.649
17.008
30.546
44.014
36.209
34.219
35.22
20.771
48.959
47.553
30.019
26.065
30.898
7.5179
25.739
15.662
15.742
23.764
20.442
25.587
11.622
5.6518
5.8521
6.26
3.7698
21.762
26.665
27.192
33.395
34.187
36.248
23.577
28.224
56.18
49.09
34.804
36.055
25.961
26.711
27.241
22.971
42.398
22.951
13.635
13.926
38.615
7.1569
8.6783
25.262
20.569
10.16
10.814
6.7909
7.1034
2.7618
4.6697
10.746
11.108
7.7502
5.1478
6.3408
14.953
17.998
48.711
47.216
45.666
61.63
49.234
30.704
44.699
21.865
27.833
29.364
22.512
20.757
30.521
16.861
5.837
9.8924
11.784
2.9155
2.8049
2.8514
2.8857
3.0025
3.6092
6.7342
6.5815
3.2992
3.923
7.0904
17.528
22.678
36.583
33.01
11.47
14.864
13.793
25.677
31.01
17.813
22.456
38.395
12.681
9.2712
28.748
16.46
6.2408
5.9968
6.6687
4.4255
3.9937
4.1631
3.174
3.6614
4.3288
3.8719
3.7193
3.091
6.207
12.821
30.448
28.041
32.027
31.112
10.652
10.365
4.2901
5.1373
14.784
15.719
20.537
22.79
6.1222
14.799
16.096
27.095
13.762
5.9783
3.8563
3.187
3.1577
3.4435
3.3006
2.5037
3.2256
16.525
24.588
22.567
37.05
29.606
24.368
15.313
6.1556
9.0843
12.153
12.819
13.324
15.232
14.415
12.892
12.352
13.13
17.97
18.393
18.392
19.059
20.046
20.636
21.714
21.739
17.634
12.355
11.029
7.684
2.78
2.4397
3.6005
19.306
36.83
32.34
32.302
28.932
16.565
23.549
28.224
29.326
32.04
27.545
25.133
22.391
21.382
23.239
17.508
17.535
16.371
16.386
21.178
12.722
12.388
22.202
12.955
10.087
11.397
4.2452
8.5759
7.8681
2.5035
5.7303
12.354
27.132
38.721
28.326
17.525
13.706
16.05
17.738
24.332
15.382
18.34
12.459
15.11
19.571
14.676
11.267
11.281
13.205
24.014
10.144
13.248
23.823
15.259
10.42
13.016
2.8199
4.4768
4.6746
8.1106
6.1019
3.4331
11.29
35.124
34.437
19.556
17.197
24.843
32.508
38.127
29.136
31.141
29.609
30.176
28.118
25.183
22.986
22.692
23.135
31.182
20.53
24.539
29.945
27.229
22.765
22.867
2.8199
4.1306
2.8631
2.9145
4.5408
5.565
3.9052
5.7965
17.7
21.107
23.639
25.007
30.302
30.348
29.48
28.847
27.904
29.108
28.686
28.698
29.986
29.74
30.921
29.101
28.67
31.672
31.65
23.526
17.823
17.085
6.3461
7.1649
3.7698
2.931
3.1378
3.4143
4.9913
9.8159
7.8573
9.3748
11.281
13.107
14.146
19.161
20.374
16.364
13.057
11.869
14.373
11.157
13.667
20.229
16.071
14.072
14.906
15.391
15.779
11.895
11.734
12.413
3.2321
5.0156
6.5604
6.5317
5.9913
4.6762
3.5365
3.5622
5.0554
5.0719
7.0586
9.3337
8.3373
7.1927
11.949
8.9145
8.6712
37.451
29.947
28.474
6.0352
4.0815
9.3255
4.7253
6.4866
6.3901
5.8623
11.124
6.4894
7.0857
2.9053
4.3189
3.0154
3.6763
4.0255
5.3076
5.3498
6.0827
6.1947
35.404
39.718
16.356
24.669
56.522
45.639
17.56
15.319
38.95
35.885
16.568
46.797
31.674
10.026
6.6567
19.578
32.005
20.756
17.35
18.457
21.234
3.2285
3.84
3.0286
3.9885
4.0169
3.5814
3.3291
4.7784
17.909
36.893
33.973
16.192
42.439
51.736
26.789
12.785
6.5048
21.126
28.664
24.921
28.999
21.501
9.8182
5.0189
41.212
39.145
27.393
17.469
8.7969
11.767
3.539
3.9544
2.9415
4.0662
3.8748
3.6103
3.4414
8.3801
26.284
33.225
30.056
30.528
50.022
49.126
15.883
12.449
21.883
36.957
45.671
38.991
30.443
13.925
10.241
5.076
35.694
51.799
39.486
16.575
8.8001
28.544
3.5069
3.538
3.0684
3.811
3.9982
3.5918
3.5204
12.461
30.171
31.301
14.799
39.456
43.772
41.086
16.78
11.61
28.2
34.496
59.037
33.228
37.103
23.707
9.5484
11.234
39.475
43.544
40.402
15.581
10.084
24.349
3.5237
3.7789
3.6392
3.5978
6.1503
8.742
11.209
14.498
31.873
30.513
8.0932
41.826
22.982
29.938
33.075
27.466
32.708
40.006
46.778
42.257
36.504
25.364
10.464
6.2612
37.165
34.457
30.769
18.253
10.682
18.002
12.496
11.437
17.813
12.461
13.918
10.541
17.538
27.197
32.113
33.347
12.852
36.245
18.616
44.268
33.557
24.633
28.679
38.357
58.238
39.709
40.982
42.401
10.417
6.0603
24.968
37.678
23.861
29.829
11.212
12.958
23.691
14.443
20.142
15.388
16.152
12.069
16.743
27.902
22.169
22.864
29.247
40.951
41.735
45.041
33.139
35.346
34.416
31.95
55.361
39.824
33.643
11.394
9.2777
10.038
9.8075
30.234
39.57
47.305
13.138
16.208
22.068
12.565
18.349
13.559
10.212
12.684
28.922
19.823
32.639
22.986
37.548
46.658
19.648
6.3941
7.0587
7.3429
33.593
31.999
49.931
51.902
22.746
3.8864
4.6085
4.4622
3.8538
14.032
37.633
32.294
4.0294
4.0955
18.844
4.5267
4.9009
13.624
13.945
10.593
10.281
7.5941
10.454
37.496
42.187
47.002
34.504
15.137
4.4175
27.438
29.245
27.308
34.416
38.889
9.677
6.0485
3.0901
2.897
5.3073
7.9308
48.408
39.002
20.031
4.4862
14.873
20.899
35.515
20.561
26.247
50.299
38.185
38.793
29.971
25.694
30.917
33.502
8.7933
4.6444
5.2788
3.9354
2.3807
1.0863
1.5823
1.7669
1.8344
2.1661
2.3679
2.8111
3.0291
2.7264
2.3567
2.0738
2.0809
3.8871
10.67
3.0589
14.017
19.463
24.75
63.726
62.891
43.214
45.842
27.081
23.632
27.334
30.641
5.2039
33.98
3.8315
2.5841
2.289
1.8466
2.0138
1.7334
1.8636
2.5838
2.4196
2.2459
2.9352
4.7287
5.6092
5.553
5.1822
14.858
14.381
11.749
4.3997
12.317
20.164
60.444
38.226
35.604
38.725
22.359
37.407
33.655
36.199
60.25
16.424
6.0645
7.1889
8.3849
6.8955
6.0448
6.3062
7.3846
7.0026
6.836
7.0507
7.0392
7.1101
7.6558
7.6501
4.2318
6.9305
13.233
13.089
12.412
6.8724
3.1751
9.9019
32.603
32.604
24.282
24.015
39.958
43.329
47.867
8.0227
5.6092
6.9464
8.1292
8.6805
8.0487
6.5754
6.3738
7.2086
8.0198
7.5986
7.3929
6.7229
6.2521
6.8309
3.8928
3.1647
2.9091
5.2227
10.816
12.849
11.669
7.5065
5.3666
12.987
31.982
27.515
13.81
38.577
16.647
1.8937
3.1326
4.0356
5.0628
5.1126
4.5509
3.0615
3.4865
4.3507
4.5323
4.2611
3.418
5.6937
6.0874
5.3085
3.392
3.4813
3.255
3.4718
3.3785
3.5678
8.6806
12.054
9.9799
6.9751
9.8753
12.778
15.52
13.692
33.681
20.008
28.145
15.903
27.63
17.816
11.362
10.665
11.53
10.399
12.416
17.078
22.851
29.919
33.576
37.56
4.5379
4.3113
4.0848
4.1576
3.7216
3.4938
3.0708
2.7857
4.6561
9.3526
8.1142
8.1174
8.3678
19.065
27.718
33.3
70.924
63.459
38.81
40.155
43.559
43.495
40.656
40.354
41.649
42.744
42.902
41.4
41.246
39.187
3.4123
3.7243
4.0473
4.3067
4.4716
3.9855
4.2977
3.576
3.1573
3.3473
3.417
6.2417
8.6717
8.6097
18.162
36.179
33.746
38.151
35.753
38.118
39.53
51.987
38.619
37.535
37.861
46.623
51.724
40.084
27.723
18.68
3.4862
3.4727
3.7619
3.7238
3.7373
4.6576
4.3053
4.283
3.7221
3.6665
3.6257
3.4775
26.942
27.997
15.97
43.885
50.36
36.79
9.6253
32.556
41.426
59.284
17.788
4.5745
4.4593
16.723
43.66
45.444
34.963
4.4935
3.5744
3.7902
3.7052
3.7334
3.6511
3.6586
4.1989
4.3267
3.9984
4.0815
4.0532
3.8456
20.023
28.352
37.836
48.595
49.689
38.51
28.581
43.133
44.348
53.84
46.344
31.258
15.381
20.525
45.896
46.347
38.24
4.4474
3.3591
3.401
3.5007
3.6776
3.9694
4.4179
4.1883
4.0834
3.819
4.0187
4.0512
11.851
36.134
55.639
42.491
49.853
33.269
43.92
27.094
43.527
67.143
74.572
48.929
42.618
40.988
36.777
57.374
56.205
47.256
4.6855
3.626
3.7495
3.8793
3.9796
3.9115
4.2095
4.7489
4.3512
3.8107
4.3811
4.0175
11.125
25.806
53.957
46.435
35.4
35.757
40.932
29.038
32.782
59.426
71.685
63.284
44.555
42.936
39.859
46.4
59.191
44.512
18.506
3.2308
3.3924
3.654
3.7092
3.7085
3.995
4.0258
4.1585
4.2147
4.3973
4.3235
11.886
32.493
36.225
42.953
40.251
39.119
37.016
35.1
43.783
29.909
13.909
43.199
26.507
25.661
39.508
30.639
43.912
27.947
19.97
3.8704
3.5514
4.9135
4.668
4.3472
3.9553
3.5569
5.1176
3.9283
7.6514
6.8965
13.469
30.286
27.119
17.734
37.795
40.353
36.642
36.486
43.728
59.246
49.432
61.591
51.46
21.759
31.009
25.36
32.606
15.831
3.9293
4.9317
5.0281
6.3952
7.0242
12.681
23.647
11.031
8.2315
7.3635
6.2099
8.1036
9.694
33.486
20.03
18.36
33.825
36.784
37.086
26.386
24.978
49.675
53.872
62.056
54.985
25.818
29.986
28.692
19.653
21.759
11.325
6.729
6.0335
6.8566
6.9191
22.373
32.708
29.923
16.037
14.373
15.7
11.284
11.84
21.389
31.253
27.209
26.029
42.381
32.294
45.602
17.999
14.231
41.658
58.491
43.871
34.768
54.186
35.768
29.454
28.038
12.998
17.015
24.646
25.574
23.582
23.491
23.197
26.93
37.406
43.955
2.0619
2.6438
21.055
38.463
16.626
10.526
7.8124
12.567
11.889
4.2421
5.4846
2.4362
3.7944
4.5028
4.8543
2.1665
4.5804
2.054
4.465
3.9495
4.0548
2.712
3.6035
18.987
27.375
27.129
23.354
24.649
28.807
43.04
2.0445
34.888
33.799
2.7045
39.438
33.218
14.191
7.8937
7.2407
2.1902
2.2921
4.3612
5.1361
2.1432
4.0102
2.7816
3.7062
3.2756
3.7374
3.2578
3.3915
3.7279
2.3361
2.4916
5.3385
18.464
28.519
28.159
30.669
42.497
2.0562
22.891
30.313
13.94
41.012
34.508
18.662
7.1102
6.1968
2.1556
3.0154
8.2094
2.8
3.3437
2.885
3.0651
3.5875
3.0741
2.7048
2.5829
2.8443
7.7375
7.1179
6.414
4.5924
2.6628
3.194
11.086
29.08
39.933
19.632
35.3
36.187
23.609
30.046
22.642
23.412
12.937
4.8138
2.0359
12.052
6.372
8.9763
13.659
12.984
12.395
13.081
13.146
15.149
12.357
13.041
3.7878
6.0599
7.606
7.3816
5.9448
4.5269
2.6818
3.1885
13.341
24.52
25.151
25.4
25.159
30.722
24.041
26.366
24.586
17.783
12.392
16.694
14.813
17.409
23.138
15.414
14.755
14.271
15.388
16.547
11.558
10.453
3.4276
6.4847
4.5659
3.8114
4.7448
6.0403
5.6375
5.3881
4.2843
3.0288
10.697
23.243
27.948
25.94
25.432
28.021
28.97
24.265
15.861
14.465
13.664
16.724
25.703
17.996
17.177
14.921
17.853
18.831
14.338
11.285
4.0647
6.453
4.6588
3.7904
3.4001
3.3759
3.8295
5.3929
5.8739
5.8356
6.3971
5.0699
6.0091
21.972
25.263
27.307
30.84
24.67
15.337
15.798
14.949
20.145
29.107
29.45
33.477
36.331
37.607
36.547
39.611
37.566
4.2759
6.3787
4.7893
4.758
3.5096
3.1465
3.0041
3.9428
3.3572
4.3199
6.6308
6.2431
5.5516
5.3877
3.3774
16.397
26.872
29.359
31.014
33.853
34.552
33.833
37.404
37.309
40.786
40.353
37.211
36.214
39.228
37.79
3.7914
4.1974
4.7005
5.3294
4.7062
4.0867
3.6669
4.1693
3.5177
3.276
4.795
2.9484
3.6191
5.1612
28.04
5.394
10.066
8.1572
10.402
13.774
13.709
13.951
17.421
23.951
29.646
24.697
17.69
14.849
11.337
8.1184
3.6748
3.3426
3.398
3.57
3.2163
3.0079
3.5387
3.9808
3.796
4.2232
5.3283
3.4604
3.4502
8.9994
37.387
20.455
19.789
17.034
9.4726
6.8812
19.548
6.6346
8.5203
12.702
9.3211
9.5054
7.5271
9.948
5.2643
6.1796
3.4843
3.6789
3.8998
3.6799
3.3126
3.0253
2.9233
7.7763
12.226
2.9672
4.7544
3.6475
4.094
28.256
38.775
43.483
35.582
47.755
50.275
53.285
28.862
16.659
18.765
48.36
32.922
24.959
22.991
8.6347
4.825
12.376
2.9983
3.5013
3.2386
3.545
3.4363
14.396
29.407
12.521
31.151
2.959
4.7722
3.2015
5.7634
12.827
39.809
45.292
39.415
43.691
45.493
74.23
44.199
15.849
25.298
55.551
59.244
9.7197
16.832
11.859
5.1762
12.202
4.1723
4.5397
3.3754
4.2092
3.7215
21.933
37.748
20.387
23.368
3.0258
4.6456
3.4133
6.4747
16.322
35.934
42.534
45.301
50.249
39.412
62.2
44.53
14.414
20.271
39.981
37.604
9.9159
16.847
11.405
4.6651
13.532
3.3827
4.2367
3.2016
3.9498
3.5161
4.1234
31.92
13.058
17.21
3.1572
4.5791
3.3139
4.3516
11.114
33.381
42.069
25.848
31.52
49.552
26.692
37.576
12.778
12.822
26.907
46.788
32.702
12.728
10.228
4.5957
6.8834
4.2574
4.5852
3.7345
4.0527
3.9026
4.1423
51.234
35.847
15.034
3.6626
4.6908
6.809
6.9294
7.445
17.912
36.754
35.226
39.167
52.33
54.402
39.66
22.873
21.607
19.524
28.613
37.316
15.861
8.4732
30.006
33.407
3.3632
6.2547
11.556
13.708
16.846
16.807
57.447
21.177
15.713
8.0806
6.0351
10.65
9.8833
9.2404
12.371
38.17
29.111
39.94
32.726
11.076
33.182
26.887
44.661
29.696
38.278
41.322
25.647
19.986
25.85
30.049
2.3904
2.7562
3.7315
22.719
31.409
31.508
33.817
47.5
43.61
2.8904
45.212
44.324
6.5812
31.918
23.186
38.349
8.7756
8.5842
3.5919
2.5413
5.5933
6.6972
2.9829
3.6181
3.2041
2.9536
4.0982
2.7343
3.1598
4.5721
7.6157
4.4511
3.5497
2.5966
4.2956
16.885
27.023
45.483
40.813
12.313
42.573
38.663
16.883
37.064
28.863
47.519
24.434
8.5698
3.6021
3.0705
8.9829
4.0765
11.019
8.591
9.955
10.435
11.932
15.061
12.242
10.875
7.0639
6.8814
7.4558
6.7369
4.2503
2.3924
4.8727
17.057
24.698
23.806
27.42
34.4
22.42
47.905
37.809
45.846
33.508
36.327
12.515
17.221
14.292
13.654
26.153
20.373
15.229
14.191
14.625
17.973
12.71
10.316
3.8615
7.2127
5.1264
6.3357
7.0373
5.8123
5.8567
5.005
2.5715
4.5715
21.895
27.885
29.497
40.152
42.587
50.78
39.244
43.182
21.941
17.562
17.803
12.96
27.35
24.785
16.075
12.221
18.421
27.194
15.707
14.006
4.1201
7.1336
4.213
3.7255
6.802
3.5051
4.933
5.4346
6.0882
5.8965
6.5994
4.1836
15.298
25.292
25.832
38.737
39.275
46.091
24.748
17.598
17.837
14.629
28.929
28.105
33.177
30.486
35.891
40.132
37.592
37.913
3.9752
7.3936
5.7032
3.5693
6.9015
3.2151
2.939
3.8318
3.6941
4.7558
7.0276
5.9819
5.7927
5.513
3.9696
28.234
19.931
30.737
28.229
30.903
34.199
35.383
34.324
35.888
36.91
38.542
41.898
36.985
36.69
37.453
4.5072
4.1837
4.3912
5.2786
7.283
3.9217
3.2033
3.8076
3.2678
3.2327
5.4945
3.1591
3.2216
7.7832
30.312
28.565
30.446
32.775
33.963
9.8776
11.15
12.604
14.536
16.026
21.14
28.853
29.621
20.522
14.018
8.6821
3.6931
3.5017
3.9246
4.5563
6.4553
3.6975
3.9083
4.132
3.754
8.8214
5.8583
3.3236
3.4417
63.157
40.435
37.784
32.946
29.229
11.774
9.5961
5.0679
8.1287
52.521
44.953
33.935
22.903
9.7968
10.229
5.7288
5.634
3.6071
3.5743
4.1573
5.3197
5.8239
3.1311
2.9561
9.136
21.666
25.922
37.749
7.3825
28.492
48.102
38.827
28.42
31.88
14.349
25.415
44.539
16.499
29.532
48.809
49.439
57.144
60.394
28.444
22.29
6.3047
5.6569
3.4029
4.0074
3.5837
4.5571
5.3653
3.305
3.0709
14.619
29.472
21.687
32.676
17.155
19.697
29.26
37.137
29.468
24.307
8.0041
41.045
57.871
50.422
46.858
36.935
45.361
50.296
46.31
13.744
16.619
10.799
5.875
4.4526
4.5485
3.6099
4.4493
5.6139
3.1537
2.8538
19.949
33.132
28.361
34.405
21.956
20.845
11.904
15.114
17.336
26.59
22.468
33.744
68.581
33.134
43.834
42.206
45.982
40.561
33.507
12.461
16.172
11.042
5.7972
3.6132
4.8954
3.4412
4.7288
4.8963
3.4866
4.9832
13.248
23.341
25.883
37.876
24.164
26.392
3.955
26.234
15.583
21.09
29.998
48.324
48.655
27.987
31.666
23.908
31.025
30.921
28.355
8.5073
14.773
10.518
5.5108
4.8224
4.6897
3.6836
5.1753
4.2722
3.9253
3.8464
17.24
30.268
36.198
28.522
19.838
15.694
9.6612
28.502
15.841
22.619
40.16
50.486
48.788
27.568
45.634
35.608
29.518
14.787
22.419
23.43
20.698
40.8
49.857
12.049
14.055
14.627
15.171
16.642
16.574
13.704
16.919
22.707
45.487
48.59
11.417
18.359
12.293
28.704
38.99
23.601
48.187
25.851
18.647
46.163
49.357
59.847
36.89
40.847
42.056
46.26
21.413
27.153
44.023
13.835
13.609
13.74
14.618
13.635
9.6811
11.344
27.318
28.296
53.25
7.7569
13.238
8.8932
24.14
49.538
29.531
10.03
36.763
13.951
57.808
55.848
52.852
46.155
20.929
41.939
43.043
42.117
26.948
22.577
25.695
5.5854
8.4956
6.8228
16.46
8.5542
7.9664
10.331
33.25
48.884
37.513
12.023
20.187
14.585
27.756
33.354
32.394
15.073
35.614
17.355
54.663
60.475
50.624
37.337
35.91
36.073
29.976
38.996
16.784
18.894
23.886
