2.0391
2.0301
2.0595
2.018
1.061
1.1081
1.3665
1.6687
1.5633
1.4477
1.4835
1.5037
1.1489
1.4514
1.4113
1.3582
1.189
1.1834
1.315
1.3098
1.3217
1.2493
0.9241
1.0916
0.87106
0.86765
0.87241
1.7154
1.9854
1.1572
1.8707
1.9167
1.927
1.9734
1.0861
1.154
1.2986
1.4935
1.5399
1.5237
1.5277
1.6425
1.1854
1.6663
1.5444
1.4524
1.3784
1.3652
1.3826
1.3818
1.4323
1.3088
0.86098
0.89484
0.82377
0.8956
0.94818
1.4733
2.1408
1.7441
0.93577
0.87586
0.7737
0.86083
1.1097
1.2527
1.109
1.2402
1.2837
1.3585
3.5227
2.8985
3.1242
1.9552
1.5569
1.5518
1.4741
1.4531
1.4482
1.4286
1.4626
1.3829
0.85743
0.89351
0.92607
1.009
1.481
1.9034
2.061
1.0845
1.4432
1.4363
1.4661
1.3981
1.1888
1.0531
1.2868
1.314
1.2581
4.6601
6.9728
8.2731
4.1298
3.2953
1.1875
0.96048
1.0258
1.006
1.1158
1.1847
1.1481
1.3217
1.0063
1.132
1.5715
1.5377
1.4006
1.8972
1.7309
0.93598
1.3075
1.361
1.4012
1.355
1.1018
1.1424
1.2847
1.2036
1.303
3.4924
6.3759
4.5944
4.1913
3.2364
2.6919
1.4242
1.3155
1.2703
1.1729
1.0984
1.0283
1.2173
1.4474
1.6897
1.1929
0.97159
1.0968
2.8581
0.88539
1.0488
0.89281
1.0127
1.1496
1.1168
1.1527
1.1639
1.2053
1.279
1.237
3.836
8.4024
3.1149
1.9906
1.4206
2.4021
2.1524
1.097
1.1918
1.2801
1.4774
1.7969
1.6566
1.1021
1.0297
1.0725
1.198
1.0593
2.4347
0.9916
0.95407
0.75198
0.7549
0.73171
0.70642
1.1033
1.1628
0.87983
0.89604
0.99894
1.045
3.2444
2.4886
2.7807
2.9798
2.4474
3.1414
1.1281
1.3897
1.5965
1.3579
1.1397
1.2277
1.149
1.0166
1.0827
1.2015
1.1778
2.7504
1.1004
1.0147
1.1233
1.2356
1.263
1.1764
1.0853
0.97357
0.94283
0.97022
1.0207
1.2015
3.4536
3.4399
4.0996
4.7315
3.472
3.0307
1.8018
1.2463
0.89472
0.82787
0.82334
1.0841
0.92442
0.8298
0.88877
1.0242
1.2741
1.3911
1.3893
1.1334
1.4848
1.5372
1.7568
2.004
1.2075
1.1058
1.3463
1.5867
1.6174
2.4703
3.6657
3.7825
4.6322
4.2614
3.4367
3.0759
1.8045
1.1727
1.0891
0.97333
0.9825
1.0595
0.96658
0.80884
0.83184
0.82848
0.9608
1.1946
1.2957
1.3774
1.5418
1.6649
1.9389
2.0284
1.2316
1.152
1.3309
1.5715
1.6148
3.0793
3.7697
3.6892
3.8795
3.8077
3.8604
3.8466
1.7445
1.5095
1.4872
1.4833
1.459
1.396
1.1182
1.2037
1.1607
1.1425
1.0458
1.0945
1.0667
1.1664
1.1915
1.2883
1.3597
1.4673
1.1577
1.2306
1.471
1.6362
1.6527
2.7253
3.7149
3.742
3.6392
3.7342
3.7369
3.4496
1.5356
1.463
1.4466
1.4688
1.4559
1.4498
1.2047
1.291
1.1101
1.2399
1.4402
1.4902
1.4639
1.4997
1.3275
1.2691
1.3065
1.2893
1.2344
1.3307
1.608
1.6976
1.5542
1.9943
4.5463
3.7569
3.8745
3.4259
3.2405
3.1267
1.4433
1.4021
1.4399
1.4486
1.2683
3.0211
2.1793
1.2472
1.3545
1.304
1.4745
1.4782
1.246
1.4122
1.5253
1.4809
1.3724
1.3204
1.7023
1.63
1.4311
1.3216
1.4226
1.4699
3.3658
2.4037
2.8441
1.9021
1.8599
1.9787
1.4033
1.3788
1.2861
1.6022
1.4932
1.3981
2.5834
2.5365
1.1572
1.1416
1.3325
1.3405
1.3696
1.3622
1.1236
1.2812
1.5074
1.8669
1.7993
1.448
1.2903
1.3496
2.0906
1.5451
1.9272
1.8822
2.4833
2.6188
2.2235
1.2364
1.158
1.2423
1.9597
1.8571
1.7106
1.5252
1.7686
2.18
0.99421
1.0553
1.1777
1.3001
1.2453
1.3009
1.4544
1.4865
1.761
2.1386
1.7056
1.46
1.4173
1.2028
1.8886
2.1345
2.205
2.1597
2.4753
2.3031
2.154
0.95859
0.85126
1.4224
2.319
2.0578
1.8642
1.6262
1.5408
1.2735
0.84055
0.89083
0.99366
0.97761
0.94403
0.94149
0.6663
0.67494
0.95073
2.2539
1.6769
1.5523
1.1786
1.1028
1.1997
1.1434
2.7338
2.774
2.5595
2.3505
2.2125
1.4805
1.1582
1.689
2.2611
2.2409
2.4112
2.0011
1.9916
1.6782
0.76582
0.70813
0.65119
0.62887
0.61232
0.57745
2.0398
2.0296
2.1417
2.0556
1.0559
1.1662
1.3854
1.6622
1.5544
1.5158
1.5054
1.5139
1.0629
1.4098
1.4149
1.3811
1.1913
1.1527
1.2946
1.3477
1.3649
1.2526
0.93603
1.0829
0.89744
0.86831
0.90624
2.3526
2.1796
1.218
1.8791
1.921
2.0077
2.002
1.0629
1.1366
1.3059
1.4929
1.5442
1.5516
1.5438
1.6402
1.1504
1.6671
1.5523
1.4585
1.4057
1.3235
1.3988
1.4188
1.4109
1.2719
0.84021
0.90101
0.83892
0.88267
0.96263
2.341
2.2129
1.6975
0.95785
0.87492
0.76416
0.83425
1.0821
1.2322
1.1129
1.2642
1.2635
1.3876
2.2011
2.4625
2.509
1.8041
1.572
1.5378
1.4456
1.4222
1.4042
1.439
1.4546
1.3872
0.84581
0.87768
0.92479
0.96193
1.4964
2.2978
2.3856
1.0442
1.4434
1.435
1.5013
1.4152
1.2152
1.0727
1.3114
1.3012
1.2818
1.2149
4.4438
4.39
3.6155
2.7357
1.5014
0.99135
0.9821
1.0505
1.1131
1.158
1.2121
1.3142
0.98297
1.1089
1.6093
1.5265
1.4221
2.9821
1.8749
0.94313
1.2922
1.3499
1.4152
1.3388
1.0842
1.1716
1.306
1.1997
1.3002
1.4244
4.1972
3.476
3.3056
3.0261
2.3547
1.4613
1.3237
1.2607
1.1815
1.0971
1.0304
1.2236
1.4556
1.6588
1.2202
0.97048
1.7512
4.2419
0.87362
1.0208
0.87997
1.0087
1.2005
1.1031
1.1436
1.1704
1.2412
1.3093
1.2357
1.2971
3.4442
3.746
3.339
2.9478
2.6285
2.1374
1.0843
1.188
1.2555
1.4876
1.8315
1.6482
1.0932
1.0364
1.0634
1.1868
3.567
4.1382
1.0061
0.93006
0.75367
0.76118
0.71529
0.70635
1.1089
1.1864
0.85998
0.90825
1.0017
1.0259
3.4507
2.1132
1.884
2.0087
2.4741
3.1974
1.2434
1.3741
1.6061
1.3612
1.1446
1.2234
1.1466
1.0892
1.1049
1.2107
3.2694
3.1244
1.0682
0.98264
1.1382
1.2567
1.2978
1.1089
1.0932
0.96545
0.9106
0.98657
1.0295
1.174
3.235
2.9048
3.2652
3.2176
2.8468
2.9955
1.5794
1.2618
0.863
0.82001
0.83423
1.0542
0.90635
0.82895
0.89447
1.0177
1.2783
1.4004
1.3689
1.1494
1.5031
1.555
1.7892
2.0563
1.2447
1.1173
1.3825
1.5587
1.6215
2.3435
3.5718
3.5492
3.4625
3.2208
3.3008
3.3383
1.7063
1.1603
1.1057
1.0003
0.97573
1.0737
0.94957
0.84354
0.80656
0.79761
0.95004
1.2005
1.3183
1.3525
1.5643
1.6524
1.9964
2.046
1.2601
1.0992
1.3047
1.5752
1.6383
3.0401
3.6001
3.6833
3.7172
3.5306
3.8288
4.9663
1.6344
1.5028
1.4664
1.4979
1.4172
1.3968
1.1233
1.234
1.192
1.1149
1.0691
1.0737
1.0924
1.1875
1.1973
1.2695
1.3747
1.4224
1.178
1.2361
1.4415
1.6105
1.6951
2.276
3.4537
3.703
3.6999
3.6122
3.8026
5.8503
1.5684
1.4902
1.4594
1.428
1.5231
1.3072
1.2188
1.2748
1.1212
1.2396
1.4622
1.4629
1.4577
1.4917
1.3041
1.2892
1.3101
1.2975
1.2603
1.341
1.6231
1.7158
1.5873
1.398
3.6365
3.4133
3.7098
3.3634
3.1915
5.5033
1.4424
1.4079
1.4031
1.4565
1.2499
1.5359
1.7245
1.1901
1.3427
1.3363
1.45
1.5289
1.2047
1.4436
1.5136
1.4742
1.3519
1.3554
1.7252
1.6119
1.4359
1.3402
1.4414
1.4915
2.3607
2.4196
2.8691
1.9431
1.9324
3.534
1.3771
1.3558
1.3288
2.0608
1.5084
1.4744
2.1833
2.2559
1.1503
1.1454
1.3298
1.3134
1.3392
1.3509
1.1994
1.3397
1.5495
1.8646
1.8139
1.4573
1.2972
1.3251
2.1202
1.5877
1.932
1.8831
2.474
2.7153
2.2838
1.2402
1.209
1.2505
2.7098
2.4702
1.8054
1.6026
2.025
2.7787
1.0054
1.0566
1.1685
1.2791
1.2484
1.2798
1.4528
1.4872
1.7576
2.2355
1.721
1.4492
1.3795
1.151
1.8329
2.2278
2.2562
2.1165
2.4668
2.2634
2.1963
0.96528
0.85472
2.1522
2.4167
2.1765
2.043
1.7227
1.7105
1.2572
0.8196
0.88421
0.99475
1.0028
0.93979
0.94346
0.65451
0.7446
0.98137
2.237
1.6726
1.508
1.1912
1.112
1.1915
1.168
3.0671
2.6723
2.5788
2.3794
2.2373
1.4954
1.1733
2.0163
2.3415
2.3022
2.4526
2.0812
2.0736
1.8478
0.76777
0.71467
0.66271
0.61645
0.61408
0.609
2.0141
2.0628
2.0763
2.1474
1.3703
1.1531
1.5302
1.7065
1.5579
1.564
1.5018
1.6132
1.1931
1.3804
1.4162
1.3969
1.2736
1.2237
1.3906
1.374
1.3668
1.4376
1.0056
1.1917
0.99516
0.93877
0.99859
2.8064
2.1723
1.5186
1.8489
1.9375
1.9689
2.0449
1.2668
1.156
1.4862
1.5358
1.5885
1.5818
1.595
1.7895
1.2974
1.7115
1.6211
1.4883
1.4308
1.3731
1.4521
1.5217
1.4862
1.4258
0.8639
1.0079
0.88528
0.8847
0.96096
3.0789
2.2875
1.8062
1.0073
0.9349
0.77874
0.93695
1.1176
1.2624
1.1864
1.3684
1.346
1.4125
2.2509
2.5229
2.3348
2.0504
1.5909
1.5367
1.4804
1.486
1.5415
1.655
1.6624
1.5406
0.89683
0.94215
0.92904
1.057
1.6086
2.6604
1.8545
1.2211
1.4606
1.4256
1.4466
1.3925
1.2785
1.1131
1.4096
1.3005
1.2796
1.2567
4.3452
4.6308
3.6897
2.9741
1.9658
1.0298
1.002
1.0561
1.145
1.2058
1.3557
1.4285
0.99615
1.2175
1.6689
1.5857
1.5833
3.4383
0.96886
0.94783
1.3241
1.3576
1.4297
1.3882
1.1811
1.2157
1.4061
1.2318
1.3045
1.5289
3.2954
3.7848
3.6264
2.9296
2.8581
1.5176
1.3562
1.3248
1.1809
1.1328
1.1029
1.3199
1.6444
1.8119
1.4399
1.0109
1.146
4.4
0.91535
1.1791
0.92051
1.027
1.1921
1.1765
1.2315
1.19
1.3145
1.3186
1.277
1.3177
3.8607
3.6403
2.7994
2.5308
2.8474
2.8433
1.1113
1.2588
1.3586
1.5654
1.8722
1.8014
1.1226
1.0957
1.1012
1.212
4.1884
4.2739
1.1025
0.98204
0.77844
0.77569
0.7453
0.82127
1.187
1.1814
0.89748
0.92499
1.0068
1.0675
4.6335
2.9167
2.9652
2.9349
3.1226
4.7329
2.537
1.5029
1.7431
1.5438
1.2439
1.2511
1.1674
1.0897
1.1215
1.2441
3.95
1.2767
1.1825
1.0783
1.1663
1.3103
1.341
1.1444
1.1514
1.0449
0.99399
1.0029
1.0878
1.4329
4.592
4.3673
4.3577
4.7831
3.6737
3.6913
2.5075
1.4983
1.0084
0.84613
0.82571
1.1725
1.0605
0.85494
0.94146
1.0744
1.3126
1.4717
1.5071
1.2322
1.4883
1.5831
1.7879
1.9874
1.3904
1.1833
1.445
1.5702
1.6317
3.9108
3.6762
3.9911
4.542
4.4535
3.5831
3.5227
2.6256
1.2244
1.1278
1.0405
1.006
1.1755
1.0789
0.88492
0.82538
0.83366
1.0564
1.2313
1.4133
1.4925
1.5614
1.654
1.9695
2.1241
1.4793
1.1881
1.5059
1.5486
1.65
4.7286
4.1181
4.1698
4.0927
4.1721
3.8748
6.1006
2.0621
1.5532
1.5327
1.5984
1.5265
1.5299
1.2006
1.205
1.1857
1.1541
1.0952
1.1159
1.1011
1.2123
1.2148
1.3044
1.3997
1.5145
1.2893
1.2767
1.5606
1.6637
1.7138
3.6356
4.7834
4.7252
4.3294
3.9731
3.8695
6.1154
1.686
1.5247
1.5698
1.5437
1.8112
1.581
1.4393
1.3933
1.1608
1.2607
1.4949
1.5514
1.4873
1.5355
1.3341
1.2714
1.3148
1.3211
1.283
1.3883
1.6225
1.7568
1.6121
3.1436
5.4677
4.1456
4.4607
4.9031
3.8326
5.0663
1.5143
1.4236
1.4671
1.5623
1.667
1.9144
2.1062
1.664
1.3826
1.3161
1.466
1.5667
1.2392
1.5525
1.4886
1.4758
1.3743
1.4046
1.8326
1.7242
1.5074
1.3791
1.9172
1.7845
3.9989
2.8978
4.6846
3.5012
3.7692
3.5983
1.3854
1.394
1.358
2.6069
2.0574
1.649
2.8547
3.3778
1.1544
1.1847
1.4268
1.3484
1.4364
1.4591
1.2179
1.373
1.5468
1.9078
1.9426
1.5323
1.311
2.8913
4.5076
3.2409
4.0049
2.6516
3.9162
2.8172
3.8353
1.2533
1.1919
1.2535
4.4284
4.0959
2.5789
2.1067
2.4362
5.2558
1.0141
1.0506
1.1964
1.3118
1.2853
1.3573
1.4522
1.4875
1.8276
2.1893
1.8061
1.5427
1.4122
1.8512
3.0941
2.9693
3.4508
3.3153
3.0548
2.5701
3.2551
1.3647
0.84501
5.4398
3.5738
2.382
2.5959
1.8943
1.983
3.2091
0.87478
0.91086
1.0429
1.0345
0.95077
0.98193
0.69794
0.7417
1.2775
2.3541
1.8668
1.6779
1.2498
1.1406
1.1903
1.2393
5.2757
3.0435
3.0631
3.0445
3.0827
2.3799
1.2993
4.7863
2.8756
2.7093
2.8997
2.3248
2.1311
5.9573
0.77455
0.70376
0.68301
0.66313
0.62295
0.6054
2.0264
2.0662
2.1388
2.2912
1.4182
1.1717
1.4446
1.6567
1.6196
1.596
1.583
1.6159
1.2302
1.3986
1.4467
1.4119
1.2827
1.209
1.3224
1.4166
1.3826
1.4531
1.0538
1.2416
1.0178
0.92596
0.96228
4.8742
3.1732
3.581
1.9938
2.0214
2.0439
2.1591
1.3092
1.2506
1.4554
1.5197
1.5636
1.5852
1.6591
1.9331
1.291
1.744
1.6649
1.5566
1.4415
1.4244
1.4202
1.4965
1.4826
1.4728
0.9121
0.94498
0.91755
0.91247
0.96802
4.7651
2.6485
1.9634
1.0803
0.97559
0.92211
1.1802
1.137
1.3466
1.2738
1.4366
1.3843
1.5007
3.4616
3.9213
3.9185
2.3275
1.7182
1.5775
1.5679
1.5219
1.499
1.6103
1.6057
1.641
0.88735
0.95762
0.95945
1.0917
1.6503
3.0861
2.8212
1.5202
1.5664
1.4778
1.53
1.483
1.3252
1.1523
1.3818
1.3855
1.315
1.3235
7.2054
5.9748
4.7898
3.6278
2.1839
1.2135
1.137
1.1816
1.2125
1.3476
1.364
1.496
1.0608
1.29
1.7625
1.7199
1.7425
4.6216
3.3058
1.0301
1.3715
1.3705
1.412
1.46
1.2211
1.2585
1.4218
1.2955
1.352
2.9397
5.5728
4.5567
4.2487
3.7378
2.8356
1.5402
1.4312
1.3225
1.2737
1.1702
1.1489
1.3307
1.5924
1.8781
1.6412
1.0358
1.1911
5.7701
1.4459
1.0834
0.94828
1.1127
1.2627
1.2098
1.2704
1.2513
1.3391
1.372
1.2629
1.3629
7.5501
4.2437
4.1584
4.5638
4.7449
2.4879
1.1682
1.327
1.2948
1.6062
1.8583
1.9632
1.2496
1.1191
1.1199
1.2717
1.6856
7.4595
1.1175
1.1561
0.80041
0.8447
0.77229
0.83323
1.1658
1.276
0.94454
0.98526
1.0506
1.2064
6.3866
2.9207
3.6166
3.2654
3.9783
7.4276
1.4245
1.5862
1.7337
1.643
1.3621
1.3368
1.2517
1.0869
1.1297
1.2904
6.1584
4.3578
1.2
1.0852
1.2713
1.3944
1.5012
1.2664
1.1283
1.084
1.0263
1.0345
1.1135
2.1308
8.7334
4.4531
5.2115
6.871
4.3681
4.5348
3.2428
1.6327
1.1361
0.85744
0.83219
1.2049
1.1134
0.91046
0.95236
1.1245
1.4413
1.4535
1.5848
1.2058
1.5123
1.5902
1.8063
2.0165
1.5177
1.1908
1.54
1.6496
1.6816
7.3752
5.1191
4.5916
5.3659
6.4957
3.9668
5.1569
4.5418
1.3393
1.2232
1.1826
1.1496
1.162
1.1419
0.85656
0.84165
0.83392
1.06
1.2833
1.4425
1.5144
1.6012
1.6073
1.9764
2.1383
1.5837
1.1974
1.4524
1.5469
1.6158
11.286
4.133
4.623
4.3947
4.8957
4.4513
10.921
3.1077
1.5401
1.5505
1.625
1.5491
1.5047
1.18
1.2341
1.2152
1.1687
1.1686
1.1138
1.1164
1.2425
1.3343
1.4346
1.4819
1.6207
1.393
1.331
1.6112
1.6287
1.6718
7.1476
7.452
4.2584
4.196
4.1705
4.6084
9.7888
1.6194
1.534
1.5381
1.5893
1.5502
2.4359
1.9934
1.5102
1.179
1.308
1.4784
1.5633
1.531
1.5598
1.3472
1.3372
1.3914
1.3399
1.2817
1.3739
1.7243
1.8041
1.6904
6.4119
10.872
4.1362
4.8693
5.3678
6.1965
9.5371
1.6114
1.4423
1.4873
1.5532
1.6249
2.1561
2.4531
3.0025
1.4043
1.3222
1.5059
1.6583
1.3091
1.5697
1.6139
1.4948
1.4124
1.4417
1.8653
1.756
1.6296
1.3927
2.3379
2.5559
9.3208
5.7899
5.1679
5.8942
8.4087
7.361
1.3958
1.4061
1.3322
3.4552
2.0975
2.2558
4.0424
2.8473
1.2591
1.259
1.4251
1.3735
1.5286
1.3895
1.2634
1.4213
1.6068
1.9146
2.0326
1.555
1.3341
5.3949
7.7312
5.5399
7.3949
4.9487
5.5617
4.1227
4.5267
1.3209
1.2456
1.3734
4.603
4.9069
2.6775
2.0156
3.9467
5.9284
1.0259
1.0592
1.1843
1.3087
1.3294
1.3819
1.6223
1.675
1.8368
2.2255
1.8209
1.577
1.4702
4.5796
8.3447
9.0785
7.7352
5.9839
4.3658
3.2795
3.8733
1.9507
0.87913
5.2976
4.3694
2.4271
2.5296
2.5279
2.4053
3.3014
0.9206
0.98534
1.0978
1.1441
1.0298
1.0984
1.0202
1.1026
1.6575
2.3052
1.9478
1.7207
1.3599
1.2135
1.2788
3.1397
7.649
3.9097
4.8049
3.9523
4.024
3.3516
1.8466
6.3394
2.9536
3.0234
2.8084
2.415
2.6177
4.8046
0.93652
0.86274
0.79061
0.73142
0.68452
0.66985
2.0249
2.0497
2.1225
2.1342
1.2212
1.1595
1.4552
1.6585
1.5598
1.5022
1.4969
1.519
1.1013
1.3839
1.4339
1.3477
1.2273
1.1861
1.2983
1.3346
1.3708
8.307
21.333
25.135
37.539
34.311
31.755
22.516
33.448
11.428
1.9887
2.0306
2.062
2.0766
1.1984
1.1774
1.3691
1.5116
1.6095
1.6045
1.6671
1.8037
1.1837
1.6821
1.535
1.5032
1.3994
1.3487
1.3886
1.3959
1.4268
17.2
36.713
14.369
26.776
30.789
21.04
9.5675
11.256
2.0981
0.89809
0.85288
0.86163
1.129
1.1117
1.2671
1.2027
1.4157
1.3913
1.4649
1.509
4.0608
3.4127
4.7803
1.571
1.558
1.4726
1.4196
1.4862
1.5055
4.2287
16.157
10.795
23.164
25.417
2.4937
3.087
8.0845
13.277
1.2664
1.4454
1.4229
1.469
1.3963
1.263
1.1147
1.3194
1.2299
1.2133
1.1847
1.1343
7.6371
6.5238
13.562
2.1291
1.1448
1.1405
1.1418
1.2194
6.5948
19.254
13.781
14.356
26.946
3.5147
2.7091
2.3022
3.8096
23.619
0.93989
1.386
1.3757
1.4288
1.3748
1.1816
1.2198
1.3106
1.2265
1.3347
1.3411
1.6748
3.8949
5.5755
4.439
6.4821
1.3891
1.306
1.2532
1.9802
15.918
21.394
7.9328
12.721
4.7847
1.4004
0.9941
1.1602
24.717
14.069
1.0256
0.92184
1.0653
1.2751
1.2088
1.1848
1.178
1.2719
1.3332
1.2804
1.3221
7.1617
5.0093
4.769
4.0831
6.436
4.3765
1.14
1.271
1.5735
8.5641
11.945
8.9404
6.347
1.0795
1.0738
1.2005
1.1425
24.811
1.0147
1.053
0.78428
0.83105
0.73516
0.80595
1.1261
1.2003
0.90305
0.97808
1.0503
1.2558
5.3396
3.9165
3.2099
2.6292
2.4361
9.1667
0.90952
1.3655
1.6741
12.59
1.5155
1.3734
1.2068
1.0743
1.1246
1.242
4.8379
21.628
1.1088
0.95367
1.0625
1.249
1.1772
1.0733
1.1067
1.0196
0.90716
0.94426
1.0033
1.1984
3.9288
4.7607
5.3854
5.7344
3.987
7.0605
1.533
1.4496
0.95111
0.8263
0.82526
1.0891
0.99724
0.85463
0.93621
1.0697
1.365
2.7199
1.4091
1.1447
1.5374
1.5576
1.7919
1.9545
1.295
1.0873
1.4005
1.5231
1.597
4.8319
3.9839
4.726
6.024
5.3175
3.7966
7.6108
1.4166
1.124
1.073
0.97001
0.97858
1.1025
0.97642
0.83454
0.80315
0.8316
1.0013
1.2668
1.3723
1.3854
1.5634
1.6268
1.9375
2.0619
1.3624
1.1493
1.4026
1.546
1.6484
5.6487
4.2816
4.0806
4.1628
4.276
4.1753
10.488
1.6148
1.532
1.4911
1.5871
1.5202
1.4506
1.1018
1.1722
1.1708
1.1124
1.0172
1.0675
1.0998
1.196
1.274
1.3987
1.4568
1.5714
1.227
1.2499
1.4989
1.6107
1.6538
4.4495
5.0352
4.1195
4.0206
4.2001
4.2707
11.123
1.5889
1.4967
1.4794
1.7705
5.2657
5.3992
4.8073
1.6832
1.1531
1.2711
1.4771
1.5037
1.4881
1.4937
1.3038
1.2585
1.3193
1.2945
1.2451
1.3179
1.6711
1.7668
1.6952
2.7043
4.5891
4.4161
4.5767
4.4988
4.7926
9.7268
1.534
1.4607
1.4604
6.1109
3.0695
5.9035
12.163
7.8099
1.3385
1.3364
1.4819
1.5206
1.2497
1.4802
1.5184
1.461
1.3875
1.3304
1.6633
1.6058
1.5202
1.3623
1.612
1.6602
4.1676
2.9712
4.4566
3.7486
4.1212
5.995
1.4087
1.368
4.7371
12.762
8.7386
3.4745
9.7739
15.011
1.2098
1.1866
1.3792
1.3847
1.4664
1.3491
1.2328
1.3823
1.5313
1.8684
1.9141
1.4903
1.3197
2.1776
4.7366
3.2323
4.4026
2.9376
3.76
3.0945
3.6172
1.2694
1.2158
23.863
23.973
20.532
10.109
6.6822
4.4334
4.0783
1.0191
1.0678
1.1836
1.275
1.2896
1.3192
1.436
1.4808
1.7326
2.1642
1.6927
1.4597
1.417
1.6698
3.7179
4.2428
4.2457
3.5417
3.0429
2.6418
3.2807
1.3382
11.691
42.395
14.897
14.39
14.254
7.4053
5.7148
5.7649
0.91923
0.93828
1.0632
1.0841
0.99465
1.0529
0.85202
0.99214
1.3833
2.3032
1.7963
1.5875
1.2867
1.1938
1.2353
1.7688
5.8552
3.1158
3.3967
2.9635
3.1918
2.336
29.167
40.777
8.0579
15.537
7.8793
6.9065
8.6084
16.343
0.72862
0.61773
0.61977
0.61533
0.64719
0.60242
