0.72223
0.78135
0.90561
0.84063
0.6342
0.57217
0.57285
0.46083
0.54853
3.5801
10.881
19.315
26.409
0.62507
0.47498
0.59862
0.70813
0.52924
0.51164
0.71207
0.78195
0.79882
0.6012
0.62214
0.60484
0.45675
0.39593
0.49746
0.55669
0.53992
0.73773
0.77444
0.78403
0.79283
0.74032
0.7014
0.69621
0.63906
0.57016
8.5014
14.895
10.104
27.887
0.66803
0.5634
0.76779
0.69345
0.77859
0.86045
0.8212
0.57671
0.71645
0.78037
0.74914
0.75511
0.71559
0.68598
0.70808
0.66912
0.68966
0.61373
0.67222
0.724
0.70794
0.69761
0.73993
0.72902
0.59355
1.3653
12.007
12.236
6.9644
32.89
0.60925
0.64119
0.68044
0.72718
0.73236
0.81285
0.8332
0.82653
0.76773
0.76697
0.71068
0.50685
0.60823
0.6256
0.73611
0.78714
0.82455
0.75287
0.82806
0.7078
0.65453
0.61391
0.60472
0.62543
1.4959
7.3289
13.012
8.3247
15.097
20.754
0.54713
0.557
0.55854
0.56774
0.57789
0.64585
0.73613
0.73147
0.74599
0.69492
0.59402
0.55279
0.52676
0.64615
0.70223
0.60527
0.62428
0.74262
0.74865
0.75288
0.76962
0.73945
0.53058
0.46619
1.3667
15.38
12.526
11.794
30.038
8.1665
0.54702
0.5213
0.50365
0.69957
0.77756
0.74152
0.66462
0.64331
0.53329
0.73953
1.5732
13.374
14.783
10.775
1.1711
0.79053
0.64383
0.71532
0.79071
0.65371
0.69836
0.70497
0.56261
0.62575
20.998
18.676
23.481
23.896
27.033
33.228
3.0978
0.57785
0.60969
0.6213
0.64691
0.69871
0.68606
0.57478
0.54544
0.41259
42.072
12.537
3.205
9.8912
13.577
0.51972
1.1935
0.68185
0.7536
0.64913
0.68222
0.76801
0.66804
0.62927
25.043
23.674
14.84
26.015
32.788
29.323
0.64499
0.63732
0.61693
0.62639
0.65251
0.70206
0.58006
0.50199
2.8897
2.2832
22.214
7.8547
3.8318
3.679
6.2636
3.2888
1.6153
0.95999
0.98484
0.97574
0.95097
3.2826
6.1739
2.4447
19.839
20.808
14.577
16.119
18.493
18.181
0.86751
0.90196
0.94069
1.0567
1.0226
1.0808
1.0307
3.8717
3.4099
2.223
22.426
3.8724
5.6223
2.7094
5.3459
1.3155
1.1701
0.84095
1.0056
1.0794
0.84066
1.6239
1.5252
2.292
22.97
20.531
11.676
19.183
15.315
22.081
1.1242
1.0323
1.167
1.1959
1.3033
13.595
3.2549
4.4093
2.4933
2.3461
16.454
1.9284
2.114
6.7425
2.5916
1.2726
3.1278
1.061
1.0887
1.2438
1.3889
1.3536
1.3003
2.6132
17.147
6.5661
6.5606
22.144
27.366
27.848
5.4714
3.099
1.7413
1.8742
2.1883
8.9286
13.839
9.8739
2.7366
2.2275
13.629
19.591
8.8681
8.54
1.3127
1.987
8.2439
2.068
1.8547
1.9318
2.2434
1.5494
2.1109
2.152
7.6116
14.129
11.718
14.04
17.331
24.58
7.9889
5.1218
2.3385
2.1286
4.0261
13.468
19.184
9.826
3.2059
2.5009
2.5848
1.5591
1.1461
1.2029
1.4412
1.7465
11.594
2.2559
2.2253
2.5987
2.3566
2.3189
2.466
2.3396
11.492
13.36
15.523
17.871
22.023
16.833
23.266
6.5286
10.036
3.8922
3.6644
10.132
8.3952
7.8121
5.0981
5.3704
3.2345
1.5015
1.4228
1.288
2.366
4.8078
13.878
2.6283
2.4968
2.7833
2.8079
2.5597
2.6648
2.7738
12.853
17.633
11.796
24
24.604
20.955
4.7645
2.5693
8.2326
2.4018
3.1797
10.387
6.0585
9.2759
14.849
4.3543
1.0069
1.202
1.2123
1.7947
3.1788
10.307
5.8613
2.9275
2.9793
2.8803
2.5526
2.2449
2.796
2.5555
12.354
21.423
13.376
19.862
8.7067
3.8692
3.8979
1.6868
1.0999
1.5386
3.659
6.4138
14.078
2.2866
1.4695
1.6394
1.5037
3.3955
1.3551
1.1457
1.6858
5.3145
3.5371
1.9615
2.5921
2.6959
2.427
3.2721
3.8223
3.8189
16.883
18.022
16.588
18.823
1.3412
1.0772
1.0809
1.1134
2.5823
7.2247
5.4369
5.3436
9.4251
15.536
1.7577
5.2194
6.9054
3.5608
1.9228
1.0193
1.5084
5.1329
3.5353
3.2497
3.0207
2.9078
3.2609
3.6652
3.466
6.4409
13.952
15.816
15.289
15.374
1.6387
1.2672
1.184
1.1664
1.3143
1.3698
3.3913
4.4793
2.4446
2.4517
3.018
3.2699
2.2833
2.6833
1.7802
1.2937
1.9228
3.4844
3.4943
0.7219
0.85761
0.89034
0.77591
0.63638
0.60204
0.62502
0.49683
0.49404
0.45603
0.49561
0.57306
0.68346
0.64407
0.51402
0.59107
0.67569
0.53598
0.57068
0.70739
0.76616
0.74806
0.6593
0.71918
0.6216
0.50819
0.40084
0.42823
0.57301
0.52299
0.68647
0.73228
0.73275
0.81403
0.76217
0.673
0.63558
0.63933
0.61258
0.46937
0.44079
0.49376
11.737
55.12
60.95
36.193
1.3518
0.78972
0.7976
0.85533
0.64142
0.64765
0.74806
0.71954
0.6046
0.6361
0.67273
0.64246
0.56757
0.53756
0.63374
0.68597
0.80775
0.74987
0.76114
0.7262
0.69376
0.56739
0.59993
0.60055
0.54785
2.435
50.803
53.95
62.996
60.569
13.891
0.72578
0.74488
0.74183
0.73185
0.75266
0.7079
0.64385
0.55057
0.62514
0.59401
0.60627
0.64304
0.63928
0.74907
0.80171
0.63071
0.62191
0.63293
0.62858
0.7068
0.68061
0.69203
0.6499
12.687
31.809
32.346
42.832
46.096
5.3142
5.9414
1.0086
0.6708
0.72078
0.73577
0.67761
0.685
0.61313
0.54992
0.52271
0.6116
0.64238
0.60295
0.58331
0.7896
0.81098
0.77749
0.73758
0.73185
0.50824
0.50767
0.54358
0.61044
0.5254
40.15
47.875
36.364
20.488
13.358
6.0823
0.90192
0.69176
0.69212
0.70571
0.62395
0.63127
0.64279
8.9337
9.4532
7.5531
2.9324
0.58048
0.67675
0.64063
0.6702
0.70866
0.63937
0.76165
0.69124
0.57063
0.61939
0.68344
0.46951
27.814
45.142
28.813
21.742
16.667
6.5579
5.8335
4.2971
0.63214
0.70195
0.63652
0.55453
0.51319
23.773
15.337
4.8233
5.38
10.513
0.46842
0.44193
1.2977
0.75934
0.74336
0.66424
0.71915
0.78331
0.69965
0.63286
0.64509
0.6122
38.06
37.205
21.754
29.535
24.676
11.371
0.55495
0.62258
0.66191
0.64246
0.53732
0.50695
1.0239
16.873
4.6968
2.0521
7.391
4.5223
1.9692
2.0003
1.8121
0.8592
0.8441
0.83777
0.82835
6.8235
2.1598
1.0942
1.4023
17.821
31.308
15.229
22.802
26.334
23.422
18.359
0.78907
0.80563
0.68582
0.76618
0.8041
1.2333
1.6863
17.309
8.3426
6.8879
11.564
10.973
5.1792
1.9438
1.3126
0.9011
1.008
0.91687
0.95526
1.362
1.3759
1.8962
2.2421
40.832
26.909
21.569
22.166
18.616
27.454
15.951
0.98603
1.0699
1.0193
0.8973
1.2691
2.1271
1.5581
11.556
13.949
2.1396
4.0291
18.228
2.6437
1.3674
1.3986
0.84286
0.94053
0.92065
0.98141
1.0429
0.95437
0.99333
0.88292
22.964
16.295
21.38
19.675
14.315
31.978
11.81
1.3675
1.3591
1.3615
1.3754
2.6228
1.5206
5.3616
4.4356
15.527
3.9002
4.3874
7.8277
1.2156
1.8351
2.7265
1.1652
1.3662
1.2428
1.3868
1.2073
1.3935
1.3209
6.9083
14.782
13.627
12.935
18.722
23.087
17.114
12.256
3.8558
1.6049
1.5719
2.7137
2.6329
2.8634
7.6798
7.5027
10.037
1.876
1.0879
1.2203
1.3032
2.0215
4.5478
1.566
1.4677
1.5409
1.6004
1.5798
1.6973
1.7258
10.615
16.93
12.751
11.478
16.569
24.692
26.067
10.985
8.7149
21.143
30.076
18.077
2.9131
4.2546
6.048
5.3866
1.875
1.0854
1.114
1.1807
1.3274
4.4121
4.8474
1.625
1.5781
1.5551
1.5875
1.4458
1.6394
5.074
17.105
17.916
11.613
13.959
20.39
22.274
15.066
12.847
11.584
9.6543
5.2961
22.942
26.584
13.713
6.9958
2.4123
3.4967
1.1106
3.8239
1.4801
2.2856
4.5857
1.8121
1.7452
1.663
1.774
1.7759
1.5204
1.512
24.83
15.04
15.077
14.053
15.306
7.5043
2.657
2.5395
4.5952
5.8218
2.8437
15.544
23.704
17.599
19.145
9.5229
14.646
8.5834
3.5795
1.5799
1.1319
2.6837
1.9789
1.7918
1.4817
1.7533
1.7427
1.6097
1.9916
2.4304
33.714
17.013
14.324
14.498
15.382
2.0791
1.4535
1.289
3.1043
1.5713
5.8213
12.406
10.223
6.7132
1.8936
1.6096
1.466
1.4231
1.5471
1.2208
1.0306
2.0995
1.909
1.8664
2.0149
2.0344
1.8545
2.0231
4.7928
25.667
19.779
15.215
14.482
13.305
9.8451
1.7152
2.2952
1.7316
1.5214
7.5286
3.1279
4.3249
4.8066
6.7136
3.6618
2.2048
1.7935
1.9595
1.5539
1.5943
1.4445
1.4728
2.0735
1.9574
0.90124
0.90633
0.93273
0.74685
0.63613
0.54212
0.58892
0.46412
0.47988
0.45821
0.45166
0.56958
0.65624
0.6147
0.48363
0.66342
0.70654
0.52708
0.70406
0.80682
0.79139
0.79537
0.7615
0.72821
0.70541
0.46098
0.37463
0.46603
0.6296
0.61448
0.71883
0.7255
0.77973
0.80292
0.79164
0.63088
0.67795
0.6206
0.54832
0.4537
0.42863
0.509
0.52291
0.61905
0.53765
0.79721
0.78067
0.89094
1.0164
0.95184
0.80792
0.83412
0.83291
0.73057
0.59799
0.57815
0.64547
0.73185
0.59524
0.64859
0.69492
0.7485
0.89923
0.81494
0.82921
0.77471
0.66464
0.5481
0.59492
0.61072
0.55509
0.5076
0.58161
0.59797
0.65663
0.76165
0.70003
0.79776
0.67294
0.88016
0.77358
0.8999
0.81482
0.72459
0.54503
0.65009
0.61588
0.65712
0.72242
0.74944
0.72803
0.82423
0.67441
0.61802
0.62285
0.64474
0.66761
0.69262
0.77221
0.61585
0.62375
0.65354
0.61587
0.59245
0.54435
0.53318
0.57758
0.58586
0.69672
0.82783
0.8805
0.73268
0.66624
0.67126
0.58193
0.49257
0.69129
0.80021
0.64335
0.65023
0.82262
0.88376
0.81495
0.72193
0.73972
0.48716
0.43087
0.51515
0.62547
0.52473
0.5289
0.50409
0.67167
0.5312
0.48812
0.47103
8.1355
15.309
6.1707
0.72633
0.68784
0.56646
0.66227
4.7593
11.564
9.2674
2.7227
0.65218
0.72808
0.71895
0.7176
0.78324
0.71362
0.6904
0.66559
0.54417
0.61028
0.6473
0.44742
0.53972
0.59155
0.56433
7.5589
14.451
26.052
8.757
12.195
23.689
22.177
0.63128
0.59659
0.53268
12.718
9.3325
5.0489
5.6298
14.535
0.82049
0.48838
0.73704
0.74855
0.72767
0.64137
0.69505
0.8117
0.64571
0.62167
0.61009
0.62164
8.0088
16.048
12.303
19.32
18.043
12.164
10.906
10.436
14.264
22.32
1.2149
0.5337
0.8676
26.589
4.3953
1.8942
1.936
10.19
11.886
1.6737
1.1184
0.84343
0.84482
0.88175
3.2203
6.0029
1.8944
0.89343
0.91521
0.93816
10.899
19.469
14.911
18.954
18.263
17.961
21.32
10.664
12.101
13.634
0.87706
0.97762
2.4405
10.519
5.7736
7.4728
4.0586
4.858
8.4778
1.7604
2.0355
1.0007
1.2169
1.0369
1.9793
2.8782
1.9041
0.97031
1.2101
1.1485
3.2544
16.158
18.06
16.266
20.606
27.068
16.666
15.601
13.48
4.3286
1.2737
1.4256
1.6294
17.523
14.164
7.8001
4.3493
7.128
2.0474
1.2711
2.1151
1.1175
1.1291
1.1972
1.3671
1.3048
1.3539
1.5033
1.063
14.246
10.803
19.074
14.593
14.856
19.616
25.923
19.116
1.8612
2.0448
2.1375
1.9619
2.1347
1.9406
2.0854
17.199
3.5101
2.7217
4.4541
1.4344
1.2443
3.5042
1.5146
1.8145
1.946
2.0654
1.5091
1.9985
1.9317
6.491
19.553
18.481
13.295
13.719
18.716
17.793
16.672
6.3338
2.4586
2.4404
2.0868
2.3608
2.5071
2.3635
2.3899
3.5922
1.0748
1.1319
1.2866
1.1748
2.4875
4.9906
2.5492
2.3855
2.5984
2.5756
2.5527
2.7281
3.445
15.907
22.897
11.538
14.679
16.075
19.312
15.44
20.104
3.9818
27.433
19.3
8.3679
2.8465
1.5017
2.2669
1.7634
1.433
1.0552
1.1433
1.4646
1.5152
4.5992
2.8663
2.5705
2.3535
2.7623
2.8312
2.5824
2.8843
8.6742
18.175
15.023
10.9
15.26
18.939
22.171
3.4977
1.3741
3.7732
10.047
8.6043
26.375
17.381
15.404
4.4037
1.7502
4.6286
1.5528
1.4197
1.4863
1.6638
2.4839
3.291
3.2893
3.0059
3.0888
3.0316
2.3999
3.1446
15.595
15.898
15.716
14.866
14.802
7.9428
1.0354
3.1274
2.5836
4.8004
3.5961
2.2347
9.1977
3.4929
3.4428
3.1216
4.9251
1.4557
3.9336
2.1417
1.4269
1.2526
3.3503
3.4846
2.0147
2.9465
3.0398
2.81
3.7835
5.2235
14.508
13.947
15.321
13.125
18.213
1.1678
1.0559
1.0795
1.0998
1.3285
11.606
4.8097
3.7872
1.6361
1.1462
1.2738
1.0577
1.1757
1.1586
1.4566
1.0153
1.5906
3.4499
3.5822
3.9476
3.584
3.2595
4.2739
4.4217
11.152
7.5095
13.277
12.705
15.526
14.615
1.3091
1.2484
1.5092
1.0883
2.686
2.6612
2.7419
2.3513
2.2545
2.3112
0.82158
1.0834
1.2161
1.5648
1.7028
1.111
1.4066
3.487
3.6913
1.6287
2.6986
2.4525
3.3684
2.0605
1.1135
1.4412
0.98493
0.99366
0.6234
0.63015
1.7726
1.2654
0.99854
0.80095
3.5066
2.749
3.6865
6.1579
5.5818
3.8933
4.5895
4.5343
2.1659
2.206
1.4047
1.362
2.5744
2.396
2.1724
1.7979
2.4415
2.6906
2.7251
2.888
2.5921
1.7654
1.0724
0.88053
0.92609
0.85649
0.80922
1.3119
1.4054
2.2184
4.4737
2.3334
3.6949
2.6746
3.3829
3.7594
3.2335
3.4521
3.3266
0.63926
1.2811
2.4591
3.5287
3.8179
4.3774
2.5163
0.92169
2.1643
1.6731
2.1671
2.2257
2.0114
1.827
2.0864
1.2057
0.64087
1.0591
1.7478
1.4036
1.0823
1.2125
1.1699
1.4634
2.4515
3.9452
4.0607
2.5629
1.92
2.6624
1.9945
1.4095
2.1295
3.7553
3.1114
2.6482
2.4912
2.1157
1.8516
1.1577
0.76812
0.5177
0.55401
0.71852
1.0786
1.1418
0.77028
0.63389
1.4982
0.68111
0.62382
0.65502
1.4517
2.5087
2.6963
2.629
1.9424
2.0524
2.0243
2.3424
5.7795
5.9716
3.1471
2.4857
1.5819
1.0855
1.8482
1.5089
1.3041
1.0311
0.74486
0.56613
0.60179
0.65349
0.48753
0.48031
0.59714
0.5299
1.0662
0.73405
0.72077
1.1604
1.8323
1.7452
1.8393
1.7111
1.3013
1.2259
5.6373
7.9999
4.2543
11.31
10.207
0.76484
0.81796
0.79542
0.81083
0.92143
0.96926
1.0232
0.88508
0.72391
0.63688
0.61531
0.47133
0.50377
0.46159
1.2275
1.3994
7.7495
8.0275
27.241
1.1937
1.0432
1.4921
1.1188
1.0295
1.3003
23.594
10.073
5.8278
13.674
6.5514
10.253
9.1004
6.0507
1.1485
1.1818
1.1106
1.641
5.6248
3.183
2.0165
2.3481
2.7338
3.3057
2.7788
1.8218
3.2526
10.766
8.6398
24.948
8.2785
2.5674
2.6917
3.0645
1.8969
12.817
15.722
8.8453
8.6666
7.2292
10.434
18.475
13.273
13.964
4.7219
6.0158
4.8936
4.7361
20.714
9.0316
3.5359
3.637
5.799
8.9359
20.081
12.585
6.9841
11.018
11.37
17.452
9.5355
6.6335
4.4061
5.5877
5.2175
9.5646
15.924
12.883
4.5437
3.0069
11.913
6.5983
6.9138
13.536
4.4609
4.378
5.0795
5.6709
5.3972
5.3489
5.7196
3.8676
19.374
15.864
13.879
10.561
9.1388
12.685
16.387
16.379
8.7244
10.054
11.91
9.9397
14.116
8.6472
8.4076
15.895
2.5384
21.532
21.653
9.7442
4.0471
5.0409
6.7468
8.429
9.0919
11.582
6.8968
10.44
10.767
25.086
15.459
17.133
16.076
13.813
16.014
18.508
14.463
16.312
14.077
13.44
12.859
10.827
18.759
6.7026
9.2071
12.134
1.6173
0.89652
6.5319
6.0379
4.9282
14.577
15.547
13.308
14.537
13.872
13.18
16.002
27.97
20.541
20.386
16.753
20.276
9.8426
14.35
14.36
14.63
20.516
15.129
19.936
33.197
25.753
13.615
6.8194
9.1364
3.4443
1.2093
2.9241
7.3298
6.7502
9.23
12.173
14.343
14.168
14.918
16.554
14.042
29.158
18.55
16.661
26.163
19.61
28.025
12.758
25.947
13.204
9.3864
19.39
36.858
25.342
22.813
22.591
25.953
13.922
10.869
17.02
12.496
5.3359
7.5899
3.7954
8.0329
18.408
19.027
16.206
17.491
15.979
26.993
27.389
17.686
11.259
22.482
25.296
29.249
13.918
19.563
20.069
17.821
3.0596
7.7733
7.7342
24.116
23.72
22.973
17.761
17.965
1.9151
14.217
8.7596
5.2089
2.4283
13.091
19.157
10.868
14.202
15.767
15.35
24.913
18.967
15.69
14.99
16.416
28.73
9.8936
1.7216
1.2371
1.31
1.2616
10.236
10.149
17.788
9.8601
3.3317
0.84147
1.3133
1.1436
1.2055
1.718
5.5703
3.3019
7.658
12.556
20.412
24.269
21.289
20.089
27.656
17.046
17.146
14.992
19.346
17.267
35.211
28.23
1.8523
5.8706
6.9327
2.7717
20.286
20.621
14.988
12.23
16.609
16.133
2.4965
1.0095
3.9283
6.5478
3.8556
2.0863
5.6948
15.603
20.396
7.8195
8.7969
15.099
12.064
7.4813
20.251
31.076
16.119
15.864
23.502
36.951
1.3396
4.8999
7.8258
19.015
21.462
16.561
20.015
12.842
10.154
20.982
21.476
23.11
15.672
17.463
17.388
13.932
15.744
14.066
19.133
1.187
1.4769
1.7605
1.7143
1.5748
1.6519
0.94898
0.66739
0.75443
0.71503
0.64808
0.7485
1.1803
1.0514
1.4328
1.8772
1.4919
2.0148
1.4836
2.3846
1.7932
2.2086
2.2427
1.9933
0.63602
1.1401
1.5637
1.8232
2.4605
2.3431
1.5478
0.80575
0.57818
0.8207
1.2525
1.0595
1.2581
1.1813
1.3872
0.89198
0.50053
0.77564
0.92406
0.86615
0.68149
0.83055
0.74731
1.0158
1.6984
2.0914
2.3954
1.739
1.115
1.6143
1.479
0.77917
1.356
2.3724
1.7239
1.604
1.5056
1.3989
1.3732
0.97237
0.71369
0.44127
0.40555
6.7982
0.68494
0.67935
0.62705
0.44357
1.0738
0.56092
0.52309
0.51395
1.0375
1.6752
1.4623
1.6751
1.1994
1.2215
1.3373
4.1136
13.121
8.1353
5.7604
1.2027
1.0776
0.96455
1.1739
1.0997
0.80243
0.80676
0.7213
0.55788
10.467
20.376
29.048
15.044
0.68334
0.54983
0.80171
0.61588
0.65253
0.93071
1.0978
1.2185
1.2386
1.2775
0.77849
0.87512
4.8943
5.2878
3.4311
10.189
18.408
0.66275
0.61136
0.71857
0.74101
0.7493
0.65464
0.81104
0.84786
2.902
16.863
12.818
25.283
27.91
0.46025
0.96509
1.1257
0.77671
0.70091
0.81608
0.94486
0.8279
1.1468
0.77847
0.71627
2.9605
18.739
7.8435
7.6858
9.2748
31.957
13.51
10.832
5.2629
1.0449
0.98223
1.143
1.6554
10.009
12.579
14.22
14.066
35.161
33.116
2.1336
3.6923
2.6025
1.8399
1.3895
1.9294
1.9439
2.0579
1.8958
2.4451
2.0936
9.0139
10.759
5.6113
4.214
4.2446
40.631
10.55
8.8502
8.2055
3.0225
3.9864
3.2163
3.39
10.313
7.7588
14.293
12.355
31.429
19.193
4.6992
5.0409
4.13
3.4918
3.458
3.483
4.1457
4.8654
3.2933
3.9049
3.4643
5.4313
13.691
9.8998
2.7354
21.029
17.518
5.8818
3.4053
7.8388
3.5636
3.5934
4.0133
4.9273
5.5962
11.343
11.333
10.88
15.744
17.882
21.415
5.0988
4.8509
8.6385
6.6588
6.4313
7.0647
7.9078
8.6388
7.3275
10.532
5.9596
5.7014
10.975
1.429
7.8003
6.8963
6.4709
1.9944
4.6294
6.8842
6.2328
7.5125
8.2672
12.335
16.908
17.709
3.5008
15.237
16.548
27.073
18.45
8.8273
10.834
8.8543
9.7648
9.5386
13.048
7.7635
8.7827
10.896
4.9917
7.8005
6.4658
1.2652
1.0078
5.1077
3.0912
5.5284
10.539
10.794
9.0694
10.195
9.8637
12.355
17.043
15.453
9.0727
13.634
15.083
21.292
43.376
8.3491
13.691
36.359
19.474
26.197
15.445
29.181
13.182
4.1299
5.3898
5.6464
3.3435
1.2174
3.865
6.2212
5.1549
6.4121
10.016
10.318
9.0917
11.077
11.651
10.174
17.685
14.944
13.702
15.611
14.484
22.212
26.3
20.539
16.787
16.669
15.955
12.235
16.509
22.866
13.314
16.085
11.383
17.424
14.86
10.001
3.8623
5.2667
2.5794
7.5226
13.942
13.27
11.928
12.192
13.847
16.848
13.173
17.041
14.547
14.968
14.354
25.709
15.158
1.2184
7.6805
15.17
4.8467
2.8105
7.3398
12.252
12.918
16.924
16.414
14.047
1.5601
1.893
7.4406
2.29
1.847
11.922
15.237
6.9675
10.364
10.843
11.241
14.913
7.3778
8.7791
12.124
14.628
23.482
16.924
1.9908
1.1538
1.2691
1.2828
11.349
9.0828
11.948
11.458
5.3645
2.2739
1.1949
1.2376
1.3015
1.534
4.4175
2.1305
5.575
9.8048
15.142
16.081
14.23
12.488
17.475
13.929
14.732
11.362
9.9241
31.866
27.274
17.511
1.6197
4.7805
7.9004
3.8664
10.205
13.15
9.8352
10.943
10.976
13.172
11.311
8.0713
3.4041
5.4018
3.8428
1.9893
8.0137
12.659
15.369
6.122
9.4996
14.794
9.3113
2.4169
4.9525
12.784
5.4533
31.305
23.366
15.667
1.5602
3.7243
4.2765
12.132
14.132
10.711
14.166
6.573
6.6352
8.3297
15.158
16.931
12.106
15.025
16.041
17.754
16.173
13.412
13.241
20.464
19.728
15.015
11.009
0.87149
2.6774
1.3918
4.7006
26.283
23.708
7.896
1.5015
3.102
2.4661
6.1139
6.2848
5.8204
5.8315
5.9705
5.9127
6.3076
5.3948
6.0061
5.0598
5.5812
5.5537
12.669
11.314
19.348
16.517
