1.6243
3.6469
2.6708
3.538
2.698
2.0943
0.73912
1.8956
1.2972
1.1378
3.0028
1.4643
1.2841
1.815
1.8702
2.3932
1.0346
1.746
1.0421
1.8958
1.2618
3.4274
2.3134
2.7631
2.1629
0.83455
1.3681
0.81456
0.59229
1.3715
3.1698
3.0321
3.5992
0.97834
2.9307
4.1483
2.5033
2.3588
2.3916
1.7764
1.8604
1.1464
1.317
1.1778
1.0607
1.247
2.9561
2.1715
2.2153
1.546
2.2402
2.6822
2.7122
2.3397
2.7178
2.5737
1.4479
1.6145
0.88227
1.1729
1.3531
1.2684
1.6172
1.5524
2.0271
2.4048
1.6989
1.8061
2.1147
2.8709
1.0638
1.924
1.5132
1.6001
1.4464
0.98599
1.7183
0.82381
0.47904
1.2922
1.4925
1.6537
1.4425
0.40078
0.83724
0.74188
0.94764
0.46102
0.68536
0.3783
1.9949
0.78697
0.54485
0.20662
0.21605
1.0618
1.1629
0.20876
0.32006
1.2859
0.94606
1.237
0.5088
0.64311
0.66754
0.24803
0.22247
0.73691
0.75899
0.90921
0.71235
0.59444
0.32603
0.38033
0.433
0.54516
0.46595
0.53364
0.77473
0.65984
1.3509
1.9953
1.2596
1.169
0.67771
1.0627
0.88085
0.14257
0.097124
1.0435
0.89688
1.0538
0.22234
0.23763
0.25125
0.30737
0.29368
0.38262
0.45514
0.27892
0.32068
0.64248
0.7274
0.85101
0.31257
0.29057
0.30983
0.31555
0.71038
0.7061
1.4891
0.89238
0.60737
1.1711
1.066
1.0915
0.88074
0.6493
0.42376
1.2047
0.91851
0.91276
0
0
0.085278
0.14257
0.16797
0.42804
1.3855
1.207
1.024
0.70531
0.79559
0.84275
1.1598
1.0324
0.3625
0.3279
0.72141
0.72991
1.5405
0.96801
0.62128
0.83089
0.75993
1.0444
0.85271
0.27462
0.51681
1.2394
1.5546
0.84662
1.1969
0.86949
1.1905
0.86273
1.1263
0.7218
1.1206
1.2081
1.0001
1.0538
0.91456
0.81972
0.82968
0.81129
0.76034
0.92638
0.9556
0.91365
0.75937
2.5944
3.7767
4.4334
3.241
1.8825
1.0975
1.2095
1.1417
1.4111
2.0551
1.4488
1.2865
1.0862
1.1375
1.0355
2.1624
1.0529
1.3153
1.113
0.97224
1.0129
1.0046
0.78977
0.89903
0.92065
3.7596
2.0424
2.0657
0.93014
0.39269
1.4782
1.381
2.2833
2.2041
2.5635
1.2284
1.3002
1.2047
1.6595
2.2996
2.1109
0.85292
0.52228
0.77119
1.0412
1.2412
1.341
1.6906
1.1651
1.1301
0.99203
0.9479
1.0531
1.0591
1.0498
1.1751
1.3988
1.6563
1.0062
0.34279
4.8414
2.648
3.2232
3.0716
2.4191
2.5061
2.7418
1.9312
1.9381
2.477
2.1801
0.75044
0.79466
1.0077
1.2226
1.3738
1.2758
1.1068
1.1317
0.99093
0.92219
0.95819
0.84677
1.0008
0.80057
1.0033
1.7336
1.1781
1.0773
0.28177
2.1771
4.1951
3.5169
14.506
13.05
6.7636
2.5028
1.9097
1.8273
1.1735
2.5613
1.9266
1.501
1.3063
0.89276
1.5795
1.3724
1.2774
1.1636
0.97439
0.90864
0.93733
0.80542
0.92457
0.76796
1.0261
1.0492
1.2437
1.0716
1.0123
5.4504
3.8003
5.2968
4.9172
5.8332
10.471
13.865
1.3141
1.5806
2.1926
1.9223
3.1103
2.0247
1.7569
1.6222
1.4419
1.4361
1.2548
1.2097
1.4074
1.7387
0.94961
1.123
1.2281
0.80001
0.93418
0.78444
0.83705
0.98144
2.2714
14.483
9.418
3.3875
2.1046
2.7667
3.1634
2.041
2.0981
4.49
1.8259
2.4668
3.6145
2.8942
1.5596
1.2932
1.0144
3.2364
5.7843
5.8363
3.2637
4.901
1.7813
1.72
1.3812
0.97761
2.2205
1.2139
1.0174
1.0717
6.2992
13.772
4.2493
8.1117
7.483
7.3438
5.4893
3.8645
4.1505
5.2419
7.321
5.6421
2.8265
2.2921
2.4525
3.4785
2.7359
6.0841
7.9216
5.0743
3.6202
3.0746
5.2284
1.9358
1.2868
1.0707
1.4696
1.5697
2.3769
1.7794
7.4955
9.3236
5.3482
14.12
10.639
10.855
12.714
6.21
7.7916
9.4944
8.5129
9.7046
5.964
5.4912
2.2812
1.746
3.2871
5.2381
5.3901
3.7439
6.865
2.2787
10.016
2.3444
1.6419
1.4527
6.3494
5.9984
7.3776
7.6005
3.7949
12.022
6.1018
12.783
6.6857
8.2261
12.103
5.5835
7.7798
9.3381
11.132
11.13
10.71
11.022
0.99498
1.0473
3.607
4.3484
4.6634
4.442
4.4904
4.0058
3.7262
2.8667
2.2041
2.5381
3.0665
4.7316
4.9754
4.5859
3.9844
4.3947
3.7582
3.9299
2.1117
3.7233
3.8545
3.5295
2.6211
2.1111
2.3233
1.8974
2.8397
2.523
1.1448
2.1231
2.4507
1.6336
1.2576
0.62867
2.0132
1.093
1.8834
0.93193
0.26649
1.5597
1.2028
0.62987
0.35473
0.38688
2.7617
5.0152
4.6416
4.7274
3.8939
2.7427
3.7868
3.2365
3.0019
1.8507
2.454
2.466
2.9482
2.5223
1.3213
1.8126
1.2724
1.3872
1.6184
2.1683
1.7216
1.7423
1.5693
0.62582
0.49852
0.39875
0.51523
0.94746
1.321
1.0101
0.65995
1.166
2.7129
3.5632
3.0637
2.8593
3.1271
3.2721
2.2431
1.247
1.2869
1.585
1.1345
1.4158
1.0898
0.20593
0.27361
1.2794
0.45924
0.87207
0.85204
0.47891
1.7724
2.028
1.677
1.0355
0.94643
0.61587
0.69155
0.87048
0.81676
0.94478
0.93389
1.7426
1.04
0.39435
0.52768
0.9454
1.681
0.97824
0.40114
0.59371
0.34527
0.24795
0.15275
0.20159
0.20693
0.16449
0.5159
0.51929
0.65657
0.59047
0.43753
0.41429
0.54524
0.50742
0.36073
0.36112
0.55945
0.53765
1.1306
1.385
0.3884
0.38686
0.32427
0.30259
0.14125
0.18411
0.14848
0.56294
0.45932
0.6241
0.24084
0.20924
0.13872
0.16868
0.12505
0.23197
0.25199
0.20224
0.37552
0.85406
0.81269
0.83402
0.28241
0.26217
0.34071
0.32124
0.53022
0.57508
0.20435
0.099736
0.64986
0.8645
0.51914
0.3173
0.38873
0.42627
0.51415
0.64033
0.36887
0.50937
0.17203
0.21296
0.17401
0.17548
0.28893
0.27718
1.0719
1.1937
1.1559
0.44758
0.45108
0.62108
1.1351
0.95388
0.31961
0.29376
0.51035
0.56466
0.11137
0.18965
0.1482
0.083855
0.14913
0.12593
0.1032
0.23674
0.42433
0.56511
0.56378
0.87875
1.0462
0.85091
1.1871
0.61353
0.65355
0.37355
0.60321
0.52923
0.58652
0.62308
0.63929
0.43888
0.43329
0.36643
0.78016
0.8306
0.58949
0.67339
0
0.092178
0.076367
0.062385
0.10652
0.14132
0.060463
0.12819
0.18173
0.37445
0.67083
0.78063
0.61204
0.49387
0.49
0.63655
0.48356
0.27639
0.50128
0.32423
0.29258
0.31578
0.31545
0.25123
0.2951
0.33941
0.74982
0.52114
0.50243
0.7691
0.077896
0.027057
0
0.056254
0
0.65564
0.066184
0.091073
0.11969
0.42379
1.0952
1.1926
0.1806
0.19443
0.4038
0.64301
0.77451
0.77765
0.72482
0.2517
0.25507
0.24878
0.25784
0.21237
0.19811
0.26187
0.41823
0.53903
0.65232
0.69014
0.17401
0.63702
0.26041
0.68147
0.43062
0.68833
0.97668
1.1155
0.47925
0.66579
1.2527
1.3419
0.31578
0.56578
0.90011
1.416
1.0342
0.78071
0.31596
0.21858
0.23084
0.26914
0.18668
0.21706
0.16895
0.2622
0.40662
0.6126
0.7687
0.61994
0.23696
2.5922
0.75317
1.2328
8.7136
7.0209
2.8843
2.4823
0.71792
2.9336
1.5206
4.0659
2.3219
1.3061
0.9036
0.66564
1.1364
0.78595
0.31969
0.52791
0.20544
0.25297
0.1835
0.22929
0.16242
0.27533
0.29895
0.49872
0.61008
0.5972
0.32231
6.229
2.1955
1.7453
4.5605
3.2546
6.6914
8.4238
0.68436
1.6436
1.576
1.2771
1.8787
0.70612
0.70703
0.95083
1.2682
0.7909
0.23368
0.31137
0.68276
1.1258
0.18791
0.53291
0.7894
0.43343
0.65737
0.29633
0.45692
0.4233
0.48157
2.5384
3.7789
1.1236
2.0193
1.2961
1.3481
1.6791
1.9838
4.047
2.4327
0.77839
2.5407
2.6606
1.3762
2.4793
1.3153
3.7505
6.7704
6.3887
1.2733
3.1661
0.59185
1.1716
0.71374
0.28414
1.0969
0.38558
0.67082
0.76243
2.1548
7.2925
6.5009
7.1735
7.0472
5.2488
4.4247
2.302
7.4139
5.8824
3.8896
3.2217
2.5681
2.4872
1.6768
1.8526
3.4228
5.204
7.544
5.256
3.8388
1.694
3.5358
1.5321
1.3894
0.36601
0.73847
0.67689
1.2054
1.2842
4.0501
5.6206
2.0758
4.367
9.2893
8.4747
6.6972
4.8149
7.0552
6.4896
4.9404
6.3598
5.1401
4.7295
1.0019
1.2421
2.6551
6.601
6.3844
6.18
7.0113
2.1311
9.7885
1.1881
0.77141
0.66838
3.0266
5.1896
4.9715
4.148
1.4615
4.5768
2.4675
2.058
6.0583
7.0443
9.5316
3.9916
8.1558
10.032
9.9343
7.8649
8.7858
8.6477
5.2551
5.6916
4.5935
4.6919
4.9226
5.2916
5.0887
4.5989
6.6785
8.2157
5.0129
2.7902
1.9695
4.629
4.569
3.429
0.8107
0.69782
1.6491
1.5316
3.4054
2.5811
2.4675
1.1397
1.052
1.1713
0.28138
0.41523
1.1651
1.0114
0.31442
0.28116
0.8118
0.51765
0.31397
0.32296
0.51971
0.58937
0.80702
0.44513
0.38764
0.65405
0.4505
0.42528
0.49078
0.40814
1.032
3.0834
1.9319
2.3368
1.7317
3.2964
7.2557
3.0142
1.2527
1.6127
2.0534
0.86873
5.4668
2.9773
0.8163
0.38826
0.46315
0.95541
0.41491
0.5244
0.56782
0.63824
0.74935
0.94967
0.8531
0.56305
0.7174
0.50775
0.64551
0.82853
1.9652
4.2974
3.0688
3.0618
2.6228
1.9385
1.6635
1.2874
1.0002
1.3612
0.86848
0.87723
0.74667
0.81506
0.37754
0.58919
0.41604
4.5374
0.86998
1.0451
1.0653
1.0442
0.83753
0.95934
0.55109
0.72773
0.56307
0.61715
0.63198
0.23584
1.0172
1.4834
2.0059
1.7008
1.7174
1.1941
1.7864
1.2792
0.89976
1.305
0.82187
0.95168
0.47387
0.50936
0.22641
0.28323
0.32889
0.29469
0.33324
1.4153
1.2236
0.91966
0.621
0.38753
0.54932
0.57474
0.7715
1.2069
0.74537
0.30119
0.93747
1.2694
1.7562
1.4681
0.57111
1.0164
0.83716
0.69249
0.70842
0.98056
0.68306
0.78141
0.53716
0.45681
0.43696
0.29509
0.24175
0.26799
0.22855
0.27055
0.22453
0.38243
0.55669
0.64696
0.29861
0.31297
0.38278
0.38358
0.57134
0.47447
0.79555
1.1153
0.7776
1.1753
0.87657
0.9244
0.97089
1.3052
1.2486
0.81158
0.58907
0.69621
0.16616
0.22064
0.21251
0.19219
0.18114
0.2066
0.58147
0.74708
0.65824
0.71505
0.75973
0.79862
0.81716
0.76459
0.34481
0.3947
0.56891
0.47771
0.7169
0.27378
0.20932
0.16176
0.26094
0.89623
0.71216
0.57036
2.1262
0.89159
0.59407
0.62415
0.73156
1.5477
1.9575
0.65522
0.65068
0.34248
0.94157
0.71462
0.73739
0.72097
0.68427
0.8379
0.82971
0.84209
0.70258
0.87709
0.86261
0.66906
0.48378
0.50422
0.4652
1.0158
0.40911
1.1182
0.68952
0.67946
0.53309
0.75278
0.75513
0.63447
0.85642
0.58579
0.63167
0.88971
0.70562
0.5914
0.91084
0.74305
0.73612
0.68782
0.71075
0.81461
0.87438
0.80724
0.8285
0.67064
0.72043
0.62399
0.34221
1.0226
0.96257
1.0575
0.98859
1.8532
0.84606
1.0541
0.87415
0.96297
0.99408
0.94478
0.77311
0.47451
0.51365
0.68433
0.86527
0.98479
0.97151
0.82599
0.79626
0.76632
0.75327
0.77807
0.91862
0.82902
0.9659
0.96123
0.94009
0.76026
0.28605
6.286
2.5285
3.2036
2.2162
2.6219
3.5403
3.2669
1.0577
0.86461
0.88861
0.72093
0.91438
0.42393
0.50021
1.4893
1.1286
1.1528
0.85302
0.87261
0.86191
0.8272
0.79385
0.75545
0.88162
0.79052
1.0025
1.1138
0.79597
0.71019
0.28767
3.6987
3.855
3.5433
6.7752
6.5049
6.0814
2.3595
1.9739
2.3529
2.5259
4.4341
3.2562
0.69439
0.67686
0.56262
1.4151
0.95975
1.0174
1.1424
0.88282
0.8331
0.84591
0.69718
0.88723
0.75762
0.90115
1.307
1.0054
0.88025
0.37723
3.1291
3.3077
3.9766
4.7776
4.5521
13.517
10.063
2.9802
3.7392
2.4574
2.3461
2.0092
1.6786
2.0538
2.0649
2.0625
0.85959
0.90167
0.94135
1.1053
0.97043
0.80751
0.77039
0.8557
0.74541
0.73568
0.72703
0.79656
0.92047
0.68919
6.4392
13.753
2.7559
2.0432
1.8592
1.2475
2.8133
3.1964
8.2901
3.2371
1.82
1.8574
1.8285
1.1057
2.2021
1.2505
2.3079
6.1541
4.876
1.5593
2.7141
1.2604
0.99647
1.2734
0.8679
1.2119
1.0876
0.87998
0.9283
2.9117
13.756
8.2121
3.6531
3.8122
2.4374
1.3961
2.3202
2.1871
17.838
12.469
14.821
1.7746
2.1473
2.9184
5.8119
1.3474
3.2489
7.5896
5.9556
2.4691
1.8092
1.9728
2.1341
0.98777
0.89887
3.5445
1.2606
1.8567
2.0755
4.3416
12.243
11.214
15.061
6.4532
5.69
5.2949
3.4797
3.89
5.2968
5.3677
7.8641
8.5128
8.1255
2.4375
1.7179
2.0229
3.3524
4.4801
2.9155
3.9935
1.2357
3.2532
1.6702
1.1871
0.92156
3.8024
6.3057
6.2055
5.6493
2.4165
5.6603
10.412
16.207
8.4351
8.8792
9.0424
3.0366
4.9375
7.1936
7.5042
7.7508
12.304
28.021
7.9801
8.9608
4.4955
3.9469
4.2334
2.8448
4.4625
3.3412
2.1257
1.9756
2.0555
2.9279
2.1836
5.9512
6.3825
4.8167
0.44358
0.53343
2.1824
1.7224
2.1602
0.54677
0.25438
0.3525
0.82793
0.80337
1.8736
1.8097
1.0187
0.78394
0.44036
0.48873
1.4931
2.3805
1.2703
1.8744
0.90022
0.63668
0.53326
0.86719
0.82105
0.45691
0.33715
0.24428
0.32595
0.4491
0.87104
2.4005
2.603
1.0957
1.3372
1.2411
1.6259
1.6867
1.561
2.0821
1.8713
1.5251
1.0896
0.9235
0.79985
0.71334
0.93424
1.1713
1.3453
1.3513
1.4432
0.84524
0.82432
0.60244
0.66631
0.73376
0.82625
0.67268
1.3005
1.1053
2.9097
4.2452
4.2685
3.5146
3.634
2.4149
1.2843
2.0168
2.8553
1.9993
1.018
1.83
0.38447
0.39077
0.38035
0.41328
0.35424
0.87068
0.75558
1.135
1.3263
1.3343
1.209
1.135
1.0661
1.09
1.3414
1.6429
1.4728
0.51436
1.2917
2.709
2.7038
2.0746
1.0745
1.2037
1.2908
2.0952
0.9131
1.3706
0.88852
1.032
1.1719
0.29981
0.14407
0.74667
0.43226
0.53337
0.98552
1.1454
1.057
1.6646
1.4134
1.3512
0.6963
0.36008
0.64714
0.99815
0.63129
0.15659
1.3298
1.6182
1.243
0.87498
0.91356
1.126
0.89534
1.1431
0.67283
1.2819
0.77823
0.94023
0.72785
0.31173
0.146
0.16884
0.12532
0.14053
0.18497
0.23928
0.28099
0.51076
0.64647
0.6786
0.32814
0.31074
0.40388
0.42461
0.49395
0.25052
0.85181
0.66162
1.5604
0.29548
1.3362
1.0747
1.9378
2.1263
1.4447
1.1406
0.79335
0.71453
0.6019
0.3548
0.35581
0.12808
0.1753
0.16267
0.6404
0.80173
0.9291
0.81521
0.83889
0.86703
0.83525
0.77994
0.2953
0.27575
0.46841
0.33683
0.79897
0.97801
0.68454
1.0233
1.6896
1.742
2.523
2.4484
3.5379
1.1193
0.82578
1.1954
2.0809
1.9386
2.3512
1.2398
1.2239
1.7553
0.80446
0.6279
0.76622
0.78312
0.70047
0.82075
0.87053
0.86538
0.9713
1.2287
1.0255
0.51631
0.5773
0.78555
0.95094
0.62022
0.6182
0.93148
0.75388
0.80325
0.87898
0.96115
1.1623
0.92629
0.84908
0.6849
0.76743
0.98666
0.88862
0.7764
0.53412
0.40562
0.5156
0.62245
0.55387
0.77931
0.86553
0.80009
0.68113
0.89212
0.70501
0.55153
0.37157
1.2383
1.4781
1.3817
1.1366
2.3118
1.5109
0.93733
0.97845
1.1116
1.3472
1.2928
0.85975
0.51097
0.60681
0.89263
0.97913
1.0391
0.79383
0.56606
0.61764
0.59743
0.57773
0.70466
0.75874
0.74688
0.96687
0.97157
0.96986
0.6917
0.31716
3.4791
2.6106
2.7569
1.373
1.4342
1.6886
1.6851
1.3188
1.1424
1.4179
1.3212
0.7326
0.5824
0.70701
1.1119
1.0771
1.2917
0.80674
0.70553
0.84613
0.81581
0.73281
0.74529
0.86355
0.81677
0.96363
1.0825
0.89426
0.65356
0.32299
2.7668
3.7959
3.2395
8.8017
6.1059
4.5111
2.5623
1.3234
1.3345
1.1435
2.6216
1.0494
0.91601
0.86766
0.66925
2.2555
1.0264
0.76405
0.7779
0.85992
0.77317
0.78914
0.74542
0.81617
0.76558
0.79657
0.94809
0.90371
0.77357
0.58866
5.4806
4.3262
3.4448
2.2934
4.5912
11.307
10.243
1.0841
1.151
1.6972
1.1687
1.2539
1.3243
1.2437
1.4185
1.2004
1.0057
0.70667
0.85519
1.4549
2.2974
0.83632
1.7597
0.94906
0.88181
0.87402
0.79584
0.84677
0.88909
5.4853
7.5859
6.4663
2.1223
1.4514
2.2705
1.0337
3.9312
7.4132
16.537
1.8285
1.9155
1.3622
1.8481
1.4882
1.919
1.0992
4.6871
6.5642
7.1472
4.4104
7.2467
1.7799
0.91625
1.0572
0.91402
1.247
1.0252
0.94021
0.92108
1.9332
9.2796
5.4152
5.767
6.2726
6.6575
5.5013
3.4011
2.7829
13.507
12.152
5.607
1.497
1.55
1.2314
1.3472
1.5808
5.7108
7.3221
5.4669
1.8502
2.4989
4.9281
0.87199
0.77367
0.88069
1.505
0.82577
2.0612
1.9054
2.6054
3.8916
11.783
5.9328
8.7811
7.0228
7.9741
6.7826
7.7414
6.1268
6.4766
14.587
4.6661
4.9498
1.7697
1.7206
2.9456
4.2079
5.8321
3.559
2.8628
1.6864
5.6705
1.9643
3.758
1.0954
6.2848
4.9797
5.7805
5.0201
1.7312
3.7431
12.719
10.432
6.3435
8.0735
6.3835
5.1429
5.9725
6.2147
6.7347
5.8972
10.228
9.7586
5.0392
2.9293
4.1731
4.1978
3.9418
4.7501
3.5624
3.2802
2.1901
1.9367
1.4561
2.0899
2.0662
5.9381
5.7923
4.1127
1.4642
3.6396
2.7205
2.6989
4.4063
3.6645
4.316
2.3728
1.4631
2.4861
2.9416
2.4607
0.58
0.45133
0.75919
0.35855
0.60021
0.38814
0.51071
0.77857
0.53646
0.74852
0.62508
1.1876
1.1505
0.9144
1.3038
1.469
1.0503
0.72
1.9771
3.3427
6.598
2.6658
4.0684
3.8555
3.305
3.5197
8.9993
1.2041
1.3058
1.9148
1.7565
0.52895
0.29795
0.37662
0.76496
0.80427
1.0774
0.86635
1.1967
1.7043
1.0667
2
2.0989
2.1875
1.4995
1.3602
1.0193
0.79447
2.3188
3.4575
3.7152
3.2999
2.8213
1.3646
2.1242
2.8033
3.088
2.5113
0.89773
1.01
2.018
2.0882
2.3052
2.1056
2.5959
2.078
1.7225
1.7389
1.8378
0.75339
0.88259
1.1767
1.6639
1.8125
1.341
1.0271
1.1251
0.44723
1.5435
3.7876
4.5872
3.7142
2.9967
1.3938
1.7621
2.5352
1.7867
1.3272
1.0322
1.2474
2.4201
3.1133
2.683
1.985
1.7628
2.1731
1.6244
2.4709
2.0744
0.55683
0.77876
0.73381
0.87242
1.0994
0.83133
0.64262
0.67345
0.022094
1.8039
3.8161
2.5132
2.8867
1.7265
0.81012
0.82239
0.71474
1.2068
1.3389
0.97813
1.284
1.2712
1.4132
1.686
0.7941
0.49539
0.39659
0.45363
0.4341
0.47828
0.7565
0.82463
0.81775
0.60672
0.54064
0.51786
0.48516
0.46
0.095883
1.0066
0.76852
0.80173
0.81198
1.4643
1.9458
1.2045
1.3603
1.6003
1.4186
0.98139
1.1419
0.63257
0.60642
0.52215
0.48339
0.51185
0.50164
1.0418
1.1187
1.1744
0.9175
0.93128
0.9975
0.85657
0.79687
0.41349
0.41898
0.47896
0.12698
1.0094
1.2119
1.0889
0.97517
1.6955
1.2228
2.0447
3.6107
2.4167
1.8605
1.3024
1.2129
2.6011
2.715
1.9483
2.3291
2.4347
2.4762
1.2505
0.6333
0.754
0.81426
0.82238
0.88239
0.91143
0.90449
0.92473
1.3061
0.86398
0.2782
0.79292
1.663
1.9094
1.4027
0.93594
1.4049
1.0012
0.93303
0.92268
1.5888
2.053
1.5719
1.1366
1.0018
1.2366
1.3321
1.0422
0.7927
0.20701
0.33338
0.42432
0.53064
0.5012
0.79765
0.899
0.79748
0.77048
1.1244
0.69145
0.41725
0.46768
2.6586
2.4943
1.3249
1.156
1.3657
1.9713
1.0358
1.1261
1.6255
2.3665
2.4871
0.88447
0.62369
0.75254
0.99943
1.8252
1.2391
0.45039
0.35455
0.49002
0.51705
0.51795
0.66618
0.62484
0.70999
0.83892
0.97261
0.79097
0.60966
0.40411
7.4507
2.3427
2.5002
1.1931
1.8074
2.0217
1.9738
2.0532
2.0219
2.6156
2.3664
1.0889
0.8724
1.1671
2.6826
1.6042
1.3267
0.61785
0.49279
0.65627
0.64343
0.57424
0.6594
0.66836
0.74233
0.96907
1.0448
1.0346
0.61954
0.39993
6.1206
2.5137
2.2273
10.451
6.4826
2.2266
2.2255
2.071
2.338
1.6922
3.9586
1.7735
1.1524
1.2911
1.0227
3.2456
1.1861
0.52257
0.68889
0.89087
0.74994
0.70247
0.69504
0.72692
0.8566
0.88966
1.1069
1.0688
0.84339
1.0723
10.621
2.9058
3.1091
4.9012
2.5379
17.528
14.466
1.3604
2.2335
2.1455
1.6219
1.6273
1.2575
1.2276
1.5389
1.3044
1.2958
0.58774
0.77551
1.3666
2.7101
0.79382
0.99579
1.1716
0.91584
1.0141
0.90741
1.0031
0.84332
1.3583
17.699
11.458
2.3134
2.4068
1.8069
1.1513
1.6274
4.3114
6.0372
1.0113
1.6292
3.1911
3.468
1.5322
3.2455
1.1021
3.661
4.1541
6.7633
2.757
5.4186
1.8041
1.0022
1.0273
0.95693
1.166
1.0498
1.026
0.90965
2.6128
6.2871
3.8545
5.8683
6.9126
6.9074
6.0779
5.5533
2.8835
18.604
14.068
2.0006
2.129
2.71
1.6372
1.7473
1.9056
4.3949
6.7622
4.6348
1.8112
2.4197
4.4518
1.8553
0.87231
0.84628
1.0017
0.99466
1.5372
1.5738
6.1655
7.5659
7.9804
9.9159
9.9616
8.6716
9.9829
6.22
6.0285
7.346
6.605
7.1437
14.617
8.0522
1.6168
1.782
2.5275
4.093
5.1065
3.0034
3.1408
1.5125
5.8846
2.7454
1.8347
1.0846
3.9361
3.3147
4.2764
3.2262
1.9481
8.3421
4.1084
6.561
10.069
9.3133
9.0514
4.0141
7.9199
9.1126
9.9378
9.0019
13.54
27.13
6.2295
4.7761
3.8353
3.7189
3.4464
3.9028
4.5141
3.0719
2.1349
1.7852
1.6546
2.3471
3.6511
4.298
3.9355
2.2018
