1.0864
0.77301
0.66394
0.58859
0.6338
8.5199
5.0315
4.8034
4.2207
2.4441
6.837
0.80008
5.2477
6.7148
1.2322
0.87201
13.501
14.17
11.37
13.31
2.6946
8.6792
4.1345
1.0125
1.0069
0.98785
1.0245
1.0385
0.76397
0.85788
2.178
1.2577
1.1693
1.1673
0.99608
8.5143
11.592
4.1931
3.2084
2.5475
17.274
1.1196
0.96363
7.6065
1.563
1.9895
24.096
16.76
14.099
20.051
8.5759
16.438
5.903
1.3537
1.5333
1.3528
2.2313
2.0123
0.83142
1.1633
2.8164
1.1105
1.157
1.1896
1.2498
2.0041
10.503
7.0075
3.1096
2.5868
6.6186
2.0756
1.537
5.5783
0.71528
3.1394
4.9802
10.652
23.753
22.791
5.7065
23.972
2.3657
1.091
1.0203
21.574
3.4006
1.1365
0.89888
1.0178
0.55964
0.87633
1.1171
0.72199
0.86273
2.4166
14.117
4.0322
2.9203
2.5972
1.1909
1.7403
1.7741
4.0563
0.79641
0.80028
2.6847
5.1648
4.6855
5.1692
1.2097
1.1705
1.0329
1.3708
3.377
16.269
11.1
12.545
1.0093
0.89897
2.3975
1.1326
1.0289
1.1971
0.74597
3.6712
4.7542
3.1935
2.3586
2.7472
6.9557
2.0609
4.188
8.8697
1.8008
1.0043
11.999
32.793
39.374
42.185
27.665
0.99216
1.3783
1.3803
8.8012
19.915
12.802
11.152
0.88618
1.6094
2.2812
1.7941
1.0358
1.003
0.8132
11.184
3.3365
2.3798
2.467
3.297
38.004
2.0797
13.741
28.744
1.6495
1.8626
7.5708
14.678
1.7677
3.129
4.8859
0.99987
1.0756
1.4031
10.934
10.197
18.091
14.221
2.3138
5.2857
2.5865
2.5414
0.94697
0.58671
0.39625
13.314
3.1504
2.235
2.8746
35.772
58.251
1.7152
7.5585
11.662
1.9544
2.079
8.4674
14.086
6.8986
2.2752
31.045
1.5893
2.1614
8.6652
19.173
22.091
16.411
26.18
22.843
3.787
2.6489
2.4886
1.193
0.62066
0.46201
7.3013
2.7402
2.238
3.0074
79.876
24.325
1.0044
14.225
5.8004
1.4578
1.7538
9.5784
8.3441
37.626
6.1616
54.323
1.6471
3.736
5.7917
7.5093
15.109
45.123
17.737
2.3933
4.1516
1.3192
2.7787
1.8592
1.1052
1.0688
13.264
5.668
8.3259
12.856
56.742
3.1156
0.96599
5.2678
2.6273
1.4901
1.7027
5.9231
17.967
7.0559
26.737
33.427
16.611
1.9258
28.164
5.5264
29.499
18
14.802
2.4183
3.3216
1.8855
2.6128
1.8174
1.3174
1.332
15.37
5.5345
13.046
24.324
33.146
7.332
1.1919
4.5745
1.7855
1.8738
1.7926
1.801
16.95
6.2987
33.674
1.4562
2.4671
1.656
7.4911
16.959
12.364
21.194
14.327
3.146
1.317
1.0211
2.3815
2.6247
0.95143
10.491
14.032
13.031
23.03
82.214
91.937
1.9873
0.74998
2.0728
1.466
1.5388
1.4999
1.4642
26.191
10.778
11.908
1.5615
1.3924
1.4359
1.353
1.57
5.0356
8.2134
1.9912
1.4498
1.3275
0.63014
1.9258
1.2495
2.0161
25.714
43.844
30.081
20.289
61.352
87.417
1.6222
0.75765
2.0265
1.2611
0.75123
1.6742
1.4162
34.629
19.608
3.2026
1.8089
1.4402
1.4809
1.2157
1.6617
5.2105
7.1869
2.902
1.6187
1.2617
1.1866
2.0636
1.2178
1.9273
2.2048
32.411
25.675
23.921
20.271
23.567
1.6507
1.3692
1.7339
1.0887
0.96115
1.3494
1.8608
3.083
1.7391
2.9402
1.885
1.7171
2.0691
1.4033
1.7245
3.6235
5.6418
2.1808
1.6744
1.444
1.2243
2.1289
2.2819
1.7412
1.4103
20.673
32.328
25.837
37.472
27.71
2.1963
2.954
3.1945
1.496
1.3347
1.2634
1.7617
1.8512
1.4944
1.6549
1.9239
1.7928
2.0498
2.0233
3.3472
2.1764
2.892
1.8801
1.3659
1.3067
1.2453
2.6154
2.326
1.4427
1.2836
1.1249
2.2526
9.8267
11.661
14.437
2.5772
2.6561
2.6259
1.5591
1.2352
1.0772
1.133
1.6146
1.4262
1.7039
1.907
1.7083
2.402
2.259
1.7722
1.7123
2.0629
1.5988
1.3001
1.2456
0.82982
1.5916
4.7483
9.1306
5.8458
0.73608
1.5352
2.2033
2.3701
3.146
2.2624
2.0443
1.9618
1.1676
1.1219
1.2644
1.1304
1.4302
1.5442
1.5651
1.8526
2.1979
2.5591
1.3042
1.6667
1.7013
1.9236
1.5608
1.2863
1.2014
0.87512
0.79687
0.67179
0.5979
0.56908
3.7391
6.0692
2.4963
1.8692
1.4921
26.252
1.1905
8.0097
8.1783
0.94833
5.4869
5.1821
7.7903
9.64
16.561
4.478
1.013
1.0029
1.0728
1.0595
1.0082
1.0975
0.98039
0.78854
0.89721
1.184
1.2686
1.1866
1.1516
1.6404
5.8349
6.2416
3.3622
2.1912
2.1345
34.068
9.2233
17.68
1.0583
9.6835
20.495
7.8569
10.731
11.226
20.035
4.6918
1.3654
1.4072
1.3921
1.3145
1.1969
1.0303
0.8935
0.80754
1.1613
1.3013
1.5033
1.3011
1.2299
1.6472
5.5528
6.3158
3.7226
2.2156
2.4773
32.7
10.019
0.94141
0.92822
2.2956
37.464
25.329
5.7779
4.3184
4.4592
16.979
19.019
1.5189
1.4203
1.363
24.676
8.5607
1.3153
1.3102
1.0452
0.17524
0.95314
1.1142
0.65414
0.86886
1.8721
6.9881
4.9382
3.8072
3.9822
20.296
0.97844
0.97963
0.84699
1.6327
2.2427
2.2549
22.643
38.777
41.663
19.439
22.548
1.2567
1.8467
2.7202
11.101
13.912
17.565
2.1942
1.8073
0.98805
0.85052
1.0055
1.0023
0.56165
1.7774
14.529
4.477
4.1957
4.6319
27.856
0.88946
1.0493
7.8541
12.543
6.6181
5.8817
23.22
11.599
7.1232
12.63
5.0524
1.7475
0.93291
7.4433
12.454
34.399
17.447
2.1141
1.8366
1.3667
1.3287
0.9566
0.82775
0.70027
2.3077
10.142
4.5247
4.1461
3.6144
34.377
0.76781
0.75202
37.7
34.327
9.642
6.3887
26.166
21.976
7.9608
7.5094
2.6296
3.9254
1.1715
4.7452
12.607
15.56
27.482
22.343
0.72625
1.2237
1.1535
1.0252
0.59315
0.85419
6.2217
4.382
3.421
2.4367
3.743
60.481
1.071
1.1653
31.036
11.251
2.0285
9.4109
46.647
57.893
7.7706
5.3912
4.8279
2.1267
5.9185
12.8
19.442
15.132
29.079
5.672
1.6975
0.78898
0.79777
0.98524
0.97253
0.98851
11.705
4.9237
2.6531
2.851
60.163
47.278
0.97731
1.1567
31.186
3.8657
1.0223
10.549
27.521
25.686
40.746
5.3841
8.4297
4.2743
11.702
9.1839
19.613
13.967
7.7474
0.91749
0.77121
0.60572
1.371
1.4712
1.0102
1.0037
15.349
2.8212
3.7111
2.9476
37.526
0.91802
0.95314
6.7963
38.621
18.063
2.9773
2.8293
8.1387
12.172
15.779
6.9896
11.492
2.0609
21.454
8.8066
9.846
22.229
15.525
9.0799
0.94776
1.5786
1.4935
1.4022
1.3588
10.558
14.488
3.0877
3.5593
2.5304
9.9567
1.2403
1.2452
12.598
12.052
1.8633
7.095
4.1441
10.2
10.944
12.579
3.2581
2.4986
2.1348
7.5167
14.637
21.693
7.2222
13.442
1.2539
1.1133
1.001
1.0619
1.0914
0.92455
55.065
6.872
4.8978
4.2294
30.733
2.5082
0.83744
0.82407
1.2235
5.7392
3.0354
0.9536
4.1652
18.212
26.441
19.049
11.463
1.2022
1.3342
2.3673
3.8104
1.5737
1.2925
1.5396
1.4085
1.3983
0.66244
0.69737
0.72804
26.489
47.983
9.4066
6.3501
5.3011
44.37
4.3433
1.0937
0.77385
1.1394
6.6946
1.4152
0.86436
1.1985
4.2272
27.864
18.681
9.5822
1.2305
1.1196
1.5967
1.3566
4.4463
1.239
1.6828
1.228
1.1187
1.03
1.0287
0.83083
36.162
37.313
28.315
16.198
15.348
22.276
3.3128
1.1908
0.97386
1.1418
4.6656
0.72224
1.2041
1.1452
4.8049
4.3239
3.5486
4.6337
1.4539
1.0854
1.6089
1.5512
4.6622
1.9873
1.7074
1.0805
1.1439
1.0773
1.0714
1.0647
14.244
32.671
30.268
15.408
19.848
12.402
3.546
1.5601
1.3929
1.2858
3.4115
0.88098
1.3465
1.0741
0.77616
1.1142
2.1968
2.2499
1.5554
1.2357
1.6572
1.7032
2.0863
1.4733
1.6422
1.1904
1.2081
1.6771
0.92432
1.4356
1.6059
10.767
13.466
11.417
3.9546
2.7934
2.9638
1.992
1.7202
1.3304
2.3525
0.92676
1.2036
1.6804
1.31
1.5014
1.8619
1.811
1.5784
1.3198
1.622
1.577
1.7817
1.4074
1.7306
1.2134
1.2068
1.2941
1.8712
1.0143
1.9335
5.1413
2.0278
2.2957
1.4059
2.0101
2.0477
1.668
1.3613
1.3554
1.8576
1.0905
1.2118
1.7865
1.1232
1.5989
1.5914
1.5168
1.4613
1.4416
1.5595
1.5082
1.7282
1.4779
1.6269
1.3086
1.2301
29.267
18.428
4.5811
11.706
38.264
44.463
43.765
44.623
44.805
30.343
0.86503
0.84102
3.4775
16.939
7.5959
7.1875
20.317
17.688
7.6539
22.373
16.086
14.207
19.95
21.696
21.384
20.531
19.808
11.582
4.8273
6.0899
12.935
8.3366
12.417
13.806
29.077
6.3115
4.9355
4.5712
2.5751
41.96
1.3025
1.2355
1.1625
1.1314
6.8718
13.76
13.101
14.838
16.902
21.967
11.592
12.349
4.5882
8.1382
17.075
17.245
14.709
13.213
1.6416
11.535
14.642
13.281
10.608
7.8692
25.06
10.158
3.4605
4.8059
3.0956
40.438
1.205
1.2287
2.9391
1.2769
1.1703
1.0896
16.346
8.8544
17.204
26.589
16.948
24.917
10.166
4.43
1.2468
18.586
29.97
31.181
19.774
21.03
1.1423
2.8336
11.332
1.4214
23.55
9.4433
4.9241
5.9123
4.8991
25.972
12.693
6.9465
5.1225
1.0875
1.2657
1.3113
2.8846
3.04
1.587
4.0939
12.986
17.744
1.0517
0.9802
12.174
34.812
42.858
18.941
13.769
32.171
19.424
2.683
16.764
21.261
36.457
13.237
30.724
24.599
25.198
66.264
14.538
2.3709
6.3237
4.685
2.3087
3.4571
13.366
12.622
33.209
40.196
28.151
7.5136
0.91828
14.188
18.061
25.327
21.834
31.423
36.709
29.473
44.078
44.269
17.903
13.965
57.569
39.566
10.185
13.805
49.878
68.723
26.787
35.818
11.228
1.4974
13.849
12.636
13.099
5.9022
19.891
13.164
39.184
13.692
20.851
18.274
32.119
23.784
21.741
30.558
40.065
10.477
58.397
53.132
26.581
2.6862
56.83
11.01
9.1985
8.947
67.643
45.361
10.004
35.207
34.957
10.161
20.234
12.598
10.898
11.809
44.281
8.5961
52.65
16.232
30.698
43.368
38.004
23.098
29.627
29.924
25.883
10.734
6.6137
17.578
24.264
0.58569
29.894
5.1294
4.9256
4.9239
48.584
52.182
10.424
10.482
43.338
32.533
33.371
1.8824
6.8633
20.04
51.858
8.0868
60.501
13.044
45.8
61.556
15.473
23.421
24.09
30.101
24.002
19.769
0.59026
12.223
18.932
2.6717
23.716
5.5813
8.7268
7.4753
16.514
33.859
4.8045
7.3331
33.671
28.473
35.415
19.544
28.827
33.774
19.763
8.894
51.54
19.652
52.29
60.068
19.127
18.812
19.533
24.21
19.877
18.804
28.006
30.139
17.725
20.714
18.182
23.538
18.993
11.768
17.322
15.824
7.6358
8.0938
26.474
23.589
24.145
26.129
31.73
40.369
7.071
29.3
42.035
35.588
40.331
34.122
37.747
27.402
18.513
23.607
16.112
12.541
28.879
34.851
36.178
31.054
13.452
19.062
16.364
24.546
11.187
7.3044
17.664
19.058
28.658
18.719
17.69
17.662
31.221
42.738
28.986
29.292
30.278
18.689
15.73
21.232
35.591
29.478
16.645
19.217
15.265
15.53
2.2794
5.9472
16.191
26.128
23.064
30.046
15.279
35.722
3.3151
3.4005
8.2494
25.501
20.308
17.945
18.119
10.585
1.5999
37.823
20.346
21.452
28.382
19.314
17.769
22.94
20.629
25.067
42.348
37.636
58.657
39.782
7.6172
4.6193
13.371
31.893
40.451
25.851
30.183
23.933
3.2856
3.9475
5.6151
19.538
11.311
12.682
17.65
15.612
20.561
25.836
15.166
10.855
23.743
17.267
16.413
19.958
21.263
25.344
6.0978
29.889
14.282
23.55
3.9408
9.4731
13.89
14.645
8.4362
14.154
17.57
14.041
5.0868
6.3561
10.247
15.589
9.5781
6.9746
15.519
21.566
8.0625
32.473
9.1466
21.483
27
18.616
25.137
19.687
21.465
28.521
21.9
31.584
6.3197
4.3866
4.7233
7.5124
14.973
24.801
34.731
15.403
4.0393
39.604
17.992
4.7407
23.461
28.894
13.875
5.8689
8.7436
16.731
14.169
13.659
32.157
22.398
21.472
15.218
12.57
21.611
40.088
30.033
6.99
28.378
4.1403
2.3395
2.9968
6.3003
11.218
15.143
13.925
15.899
7.0948
29.453
57.03
61.724
37.008
24.242
3.7694
3.6011
10.153
10.045
21.789
11.507
30.23
16.569
13.333
11.668
12.736
17.301
28.498
14.084
5.2557
31.506
22.532
2.0973
1.0119
0.87779
0.92597
1.0755
0.90481
0.95068
0.87429
0.93539
0.83091
0.82646
0.8624
0.83748
0.87117
0.75957
0.87421
0.96168
0.97229
0.90779
0.98585
0.87751
0.83095
0.78476
0.77118
0.78287
0.84386
0.88943
8.2778
7.8773
0.9559
0.8349
1.2357
1.2995
1.3313
1.2941
1.0447
10.01
22.187
28.643
27.549
17.067
13.062
1.2426
1.2526
1.1442
1.0302
1.0637
1.1059
1.1241
1.1961
1.2333
1.255
1.172
1.1055
1.1212
1.1017
5.453
19.529
21.003
22.41
17.886
1.403
1.2604
1.2034
1.1515
3.6631
21.777
19.806
33
22.761
18.984
20.301
20.35
4.9598
1.2954
1.2363
1.0182
0.96109
0.94115
0.94871
1.0574
1.1223
1.2654
1.2481
1.2472
28.724
15.456
23.897
13.16
15.402
24.837
1.3863
1.3858
1.4114
1.3032
21.903
19.729
15.201
11.096
13.766
13.755
19.792
25.336
26.061
1.1636
1.2634
1.182
1.1383
1.0519
1.0329
1.0474
1.0124
1.0478
1.093
22.225
36.789
16.421
38.972
27.935
23.995
23.385
1.2565
1.2968
1.2908
1.3441
37.776
31.87
8.4467
10.192
12.122
13.109
13.339
18.112
36.954
10.001
1.4943
1.3968
1.3424
1.2593
1.1365
1.2672
1.2564
1.3299
2.9063
23.525
29.175
14.779
37.662
28.075
20.356
16.247
0.88768
0.91501
0.82929
1.5922
43.33
35.555
13.401
6.5814
8.5811
6.1643
11.31
14.591
41.963
25.096
1.5156
1.5104
1.967
5.4989
1.6005
2.41
11.851
4.775
13.079
21.354
24.114
11.333
20.596
19.066
8.7773
15.117
0.84116
0.79947
0.82211
4.0455
33.035
27.037
23.013
17.833
10.36
11.477
14.961
9.7683
12.663
25.111
4.971
14.426
28.418
16.516
26.314
28.992
29.775
2.0506
26.704
34.945
20.346
10.98
16.468
18.331
14.843
17.384
0.95618
0.97837
1.0154
16.075
23.556
20.799
15.749
7.095
9.4087
38.737
42.379
33.581
51.25
17.998
18.7
15.024
16.76
22.401
25.893
30.689
21.764
9.651
10.123
43.542
22.126
7.1694
14.934
19.593
14.849
13.228
1.1023
13.344
31.495
41.157
9.494
15.2
13.946
43.046
32.032
27.407
17.53
25.819
31.133
13.271
13.293
16.507
25.797
33.569
8.6875
13.858
11.839
19.555
25.608
33.885
22.115
19.935
19.32
14.845
7.7892
19.47
26.367
30.439
24.414
36.901
10.352
5.4839
26.142
49.811
14.177
20.581
28.415
25.105
17.367
24.797
20.727
23.294
39.408
16.998
20.673
11.464
19.428
2.4395
12.285
28.094
29.079
22.824
6.5088
19.478
10.22
19.855
18.429
25.924
16.578
18.464
12.091
9.865
13.178
15.754
23.564
26.769
33.018
24.22
17.239
32.108
15.294
19.547
35.837
21.154
27.481
26.266
21.054
30.439
21.174
15.486
20.427
23.467
29.414
11.353
12.796
49.056
17.887
18.7
13.278
13.991
32.57
32.191
19.494
21.478
18.512
14.927
28.146
29.143
33.598
15.481
20.365
19.741
29.963
28.784
21.243
24.192
25.101
23.61
8.7879
8.7426
30.572
0.93641
14.591
32.53
23.487
23.596
15.547
12.63
16.047
29.098
43.061
54.389
57.833
44.607
35.258
31.929
21.204
36.655
24.695
28.122
18.843
24.168
35.292
20.873
26.398
32.483
34.542
24.993
23.441
36.978
5.8741
1.0954
6.2035
8.9104
3.5995
11.01
8.212
17.012
26.028
26.924
37.887
29.28
33.035
42.349
37.824
33.824
13.254
21.633
30.511
31.308
16.447
19.387
16.71
23.739
10.868
26.662
13.637
17.677
19.732
37.912
1.266
1.1962
4.209
7.1373
2.2385
1.8776
14.315
20.428
21.741
25.255
9.7299
26.048
45.076
21.699
22.017
27.614
22.505
34.213
45.207
36.917
9.5905
30.361
18.445
25.022
14.889
27.613
19.717
32.075
23.482
4.6324
1.1403
1.0746
1.2899
6.2966
3.5422
2.8475
19.392
10.654
6.6067
25.708
25.654
49.779
25.113
17.45
22.812
33.428
16.786
37.167
45.505
23.317
29.286
26.081
19.242
10.297
20.573
13.976
24.823
19.614
5.8485
1.0672
1.0561
1.0152
1.0781
4.2259
11.306
21.438
0.8418
0.86052
0.90393
0.87894
1.0309
0.88231
0.89442
0.92636
0.86993
0.85205
0.78737
0.83969
0.90184
1.002
1.0625
0.92338
0.86203
0.81806
0.86493
0.93238
0.9344
0.93057
0.89604
0.91645
0.93996
7.5096
9.1437
5.6378
10.002
1.1227
1.0472
1.1766
1.2298
1.2215
1.1257
1.1056
1.2341
1.1972
1.061
1.1441
1.1316
1.0704
1.0604
1.1531
1.2996
1.3153
1.2953
1.2839
1.2858
1.3254
1.3624
1.3871
1.4085
1.3664
7.2404
18.163
21.901
24.727
27.04
24.785
1.1324
1.0988
1.1742
1.2343
1.094
1.2305
1.152
1.2594
1.2475
1.275
1.3146
1.2861
1.2689
1.1706
1.0511
1.1035
1.1062
1.0482
1.0624
1.0936
3.4882
6.7924
1.2844
12.115
28.692
13.886
22.038
23.782
23.561
25.168
1.0675
1.0836
1.172
1.1006
1.0782
1.0137
1.3103
1.212
1.2617
1.2963
1.2859
1.25
1.2905
1.3516
1.2629
1.153
1.0504
1.0044
13.502
34.561
14.748
4.0303
11.743
26.11
17.104
23.37
27.056
31.053
23.565
23.897
1.1637
1.1328
1.1661
1.123
1.0999
21.334
51.126
43.556
34.101
35.616
15.788
1.1556
1.2406
1.3276
1.6273
1.5805
1.5386
5.8927
23.363
23.829
1.1464
4.3236
25.075
30.26
14.632
21.433
21.646
18.938
22.944
23.436
0.85825
0.83424
0.83204
0.84507
34.008
53.863
34.638
37.092
47.218
18.916
40.143
12.725
1.4395
1.4733
1.4672
1.2916
2.6102
15.247
17.039
9.3762
12.797
12.313
22.714
20.308
15.311
11.374
14.504
15.484
22.783
10.516
0.8115
0.74419
0.77601
12.539
49.797
46.411
38.78
39.485
20.811
40.113
12.049
50.189
1.2057
1.275
1.3818
15.299
17.531
10.885
10.177
10.612
6.6611
6.5904
34.036
17.824
15.221
10.075
11.809
22.411
24.687
14.123
0.8721
0.81642
0.85493
39.73
47.605
36.943
37.504
36.019
33.32
17.423
45.575
54.282
1.1794
1.1808
8.9369
19.151
15.361
6.7163
8.8178
17.012
15.888
4.6181
40.691
16.537
20.054
11.792
16.74
15.417
19.555
13.365
0.96171
1.0086
20.038
35.312
35.424
33.535
26.114
15.051
33.432
51.153
55.686
39.119
1.1066
1.1605
13.016
8.4173
5.6829
4.835
4.5102
10.265
22.494
10.657
28.389
25.892
14.556
23.193
18.313
20.959
10.945
12.524
1.072
1.0781
30.092
35.343
19.349
19.226
9.7305
10.68
14.82
43.47
46.363
32.743
1.1257
5.8829
10.561
8.3366
3.7626
2.6324
5.3193
7.1187
7.1386
26.319
14.602
42.098
20.417
23.055
24.614
24.948
12.401
33.674
1.0146
3.7962
32.979
28.605
32.788
7.3493
19.743
16.142
13.762
42.465
39.963
18.808
1.3734
3.1733
7.1127
7.9724
4.363
3.1483
4.2215
5.332
5.6785
30.693
12.465
32.319
41.641
16.942
13.288
21.694
14.898
38.947
15.431
18.869
23.706
10.024
28.758
11.161
15.687
14.426
12.809
33.748
43.796
1.1517
3.9266
13.56
6.0403
6.437
10.449
11.214
19.438
10.925
6.3843
40.556
29.301
24.394
10.689
23.058
10.781
11.182
12.753
5.5409
17.724
35.024
35.88
26.49
21.945
15.656
19.602
17.252
14.541
40.025
45.046
42.681
16.212
12.249
7.0446
7.1584
6.4726
16.33
15.608
8.036
8.7004
42.598
35.974
32.065
28.296
20.722
13.193
6.0805
3.9493
17.723
19.122
43.088
31.974
17.981
16.62
19.967
23.109
17.067
27.31
33.904
51.963
44.027
47.805
38.612
56.403
5.7695
11.369
8.9683
21.685
22.245
9.546
38.449
17.582
25.882
21.635
17.211
11.908
5.939
3.7753
2.6061
32.491
36.438
21.463
21.112
12.639
13.85
18.338
19.952
43.573
53.05
50.155
35.998
34.989
43.066
27.902
50.634
34.014
6.8848
14.722
27.047
9.671
19.418
10.046
38.653
21.607
17.236
16.631
4.7354
3.8379
3.3605
24.463
22.321
13.003
26.411
17.102
18.309
15.439
16.454
34.201
50.839
55.343
17.977
24.909
36.936
17.662
46.973
38.909
23.12
7.5686
24.276
12.041
7.1575
27.277
39.312
29.605
15.253
14.408
9.9203
9.0216
6.561
