0.90723
0.83206
0.83978
0.86135
0.99122
0.92238
0.95123
0.99464
0.99594
0.97021
0.97493
0.98256
0.99412
0.91448
0.8968
0.91213
0.94798
0.87873
0.92579
1.0077
1.0428
1.0977
1.1674
1.1508
1.1982
1.2555
1.2512
1.336
1.3338
1.304
0.96194
0.8516
0.86253
0.79857
0.86978
0.88915
0.86064
0.92876
0.90852
0.98382
0.92926
0.89961
0.96111
0.95548
0.86146
0.94755
0.892
0.95837
0.86254
0.97895
0.95951
0.91533
0.9601
1.0051
0.9947
1.0508
1.1445
1.1961
1.2189
1.2308
1.09
0.97802
0.84739
0.85459
0.85885
0.94383
0.8319
0.84988
0.9129
0.88248
0.89053
0.84893
0.90794
0.87693
0.91484
0.96276
1.1001
1.0504
0.98669
1.0636
1.0506
0.96856
0.8912
2.8268
2.2156
1.0484
1.0314
0.97407
1.044
1.1112
1.2034
1.0075
1.0327
1.0192
0.9035
0.88785
0.85657
0.9818
0.91352
0.95137
0.91356
0.969
0.94512
0.94987
1.0213
1.0403
1.0076
0.90063
0.91056
1.0517
1.0932
1.3482
5.1197
5.3627
4.6762
2.8617
0.99047
0.89569
0.99057
1.0582
1.0857
1.0726
1.0611
1.0766
1.1157
1.0491
1.0473
1.1419
1.0395
1.1118
1.0982
1.0666
1.0487
1.1034
1.0335
0.86669
0.7689
0.75583
0.83036
0.81758
0.78153
4.1483
5.5071
4.5689
4.9463
4.5631
2.9968
0.88873
0.95909
0.95511
0.87742
0.84268
0.86189
0.91751
0.97055
0.85792
0.90988
0.89984
0.95497
0.87023
0.91168
0.99895
0.95835
0.89091
0.84468
0.76411
0.72305
0.77016
0.76438
0.78487
3.1875
5.8416
5.4384
5.6068
4.6291
5.2031
3.7162
2.0861
1.058
0.91682
1.1333
1.1996
1.2039
1.3533
0.955
0.77156
0.81101
0.73692
0.72361
0.84656
0.77498
0.74514
0.76085
0.80623
0.78727
0.74938
0.88362
0.87278
0.95818
3.1036
6.0189
5.677
5.4997
5.7116
5.8222
4.9189
5.0845
3.4928
2.5019
1.4182
1.6576
1.8962
2.1579
2.8995
2.2208
1.9926
1.8535
2.2416
1.7582
1.1973
2.3242
2.5439
3.2936
1.247
0.9201
0.90792
2.9882
2.8905
2.711
4.9574
5.6359
6.0257
5.9804
5.4837
5.1341
4.8068
4.1728
3.5545
4.4327
2.9571
1.5318
2.2776
2.0706
2.7536
2.6288
3.4236
3.1291
4.4872
4.6549
4.886
4.5831
5.3401
3.1161
2.412
2.1096
2.1499
3.7214
3.1438
3.5835
5.1283
5.3322
5.4302
4.9728
4.2111
4.4422
4.8145
4.1298
4.343
4.2141
4.0647
1.4261
2.032
2.5219
3.3676
2.8654
3.4547
3.851
5.6345
5.2491
4.3879
5.2638
4.2036
3.1533
2.0961
2.505
2.5396
2.4542
2.8846
4.2457
4.7168
5.5067
4.1319
4.2249
4.6806
3.8267
3.625
4.3122
3.9563
3.9498
3.3903
1.7175
3.1714
3.5835
3.7411
3.2254
3.3077
4.7736
5.4813
4.7533
5.6241
3.6416
5.3698
3.9393
2.4762
2.3308
2.9522
2.7194
3.8616
4.8663
4.7174
3.9626
4.1649
4.4863
4.7388
4.2877
2.7364
3.9029
3.8184
3.9482
3.3236
3.4808
3.3015
2.7211
3.1205
3.299
4.447
4.9902
4.9665
5.2928
3.4911
5.1536
4.8286
2.5466
2.4825
2.2412
2.2257
1.9593
4.3562
5.0936
5.3899
5.2033
5.4007
5.105
4.2507
3.0592
3.1919
4.1786
4.1304
3.6127
3.0823
3.0278
2.8375
3.0952
3.3989
4.4677
4.4158
4.6518
3.9948
3.9935
4.426
4.7091
4.4825
2.3433
2.3487
2.9081
2.899
2.1894
5.5639
5.8946
5.481
6.1317
6.2591
5.5232
4.0179
3.1386
3.9198
3.8816
4.008
3.8686
3.2938
2.3267
2.2092
3.6142
4.3251
4.3061
4.2442
3.6852
4.5623
4.7824
4.2049
4.2657
3.4811
3.0578
3.0845
2.666
3.1289
3.4054
5.6422
5.7426
6.3846
6.4694
6.4855
5.158
4.7506
4.4003
4.1992
3.5369
3.382
3.9941
3.7003
1.5395
3.648
4.0373
4.156
3.9792
3.5549
4.3391
4.4717
3.9705
4.1342
4.3443
3.9993
3.7513
3.8266
3.6972
3.2804
3.7133
4.3779
5.3979
5.282
5.903
5.2684
5.1146
4.0278
4.2091
3.9835
3.612
3.938
3.5254
2.7464
3.2862
3.7476
3.9857
3.316
3.814
3.9479
4.316
3.4258
4.464
4.9346
4.382
4.2526
4.1215
3.6528
3.9159
4.0125
3.4287
4.5919
4.6081
4.961
5.3248
4.6936
4.8624
4.7822
4.1364
3.6161
3.7951
3.9636
3.1962
3.0102
0.83592
0.8363
0.96233
0.87061
0.89132
0.9803
0.98508
0.95635
1.0462
1.011
1.017
0.96609
0.95846
0.92268
0.88077
0.8837
0.91345
0.96427
0.98306
0.99003
1.0764
1.1063
1.0815
1.1941
1.325
1.2949
1.2875
1.2504
1.3134
1.2838
0.9187
0.81912
0.81725
0.87467
0.92419
0.92034
0.91241
0.89581
0.914
0.86703
0.88308
0.86859
0.96358
0.9575
0.9835
0.8915
0.92917
0.88894
0.94142
0.93274
0.94327
1.0013
1.0034
1.0292
1.0734
1.1121
1.2035
1.2068
1.2171
1.2349
1.0195
0.98523
0.88835
0.96469
0.91354
0.89032
0.87665
0.86857
0.84269
0.92783
0.91264
0.91126
0.89222
0.93071
0.96392
0.96369
1.093
1.065
1.0579
1.0831
1.0618
1.0179
0.9567
2.6292
2.1813
1.0857
1.0268
0.99167
1.122
1.1019
1.1437
1.0862
0.97583
0.93717
0.9368
0.88336
0.92335
0.95482
0.97142
0.97895
0.93716
0.9077
0.93197
1.0224
1.0487
1.1044
1.0319
0.90256
1.0734
1.0709
1.1674
1.3866
4.7298
5.1689
4.7392
3.083
1.1192
0.94712
1.0158
1.0316
1.0352
1.0335
1.0791
1.0366
1.0371
1.1387
1.1275
1.0637
1.0489
1.066
1.0725
1.1336
1.0566
1.1218
1.0473
0.91059
0.89346
0.72625
0.79564
0.74778
0.79143
4.3777
5.5016
4.8776
4.8019
4.4383
3.1237
0.9698
0.89536
0.96525
0.89168
0.90331
0.87964
0.92236
0.97332
0.93235
0.99618
0.9491
0.95827
0.93538
0.97973
1.007
0.98157
0.95937
0.86037
0.75992
0.73396
0.75895
0.72259
0.81255
3.2872
5.6325
5.6962
5.3432
4.7451
5.1343
3.7496
2.227
1.0865
0.93428
1.1264
1.2776
1.2836
1.3558
0.9397
0.76524
0.74017
0.79516
0.73419
0.76363
0.74911
0.73721
0.73109
0.73187
0.78536
0.77624
0.87806
0.91121
0.97487
3.1806
5.8709
5.6702
5.6572
5.5883
5.6412
5.16
4.9317
3.7869
2.4188
1.3979
1.7636
2.0059
2.1449
2.7669
2.2609
2.0715
1.9583
2.2764
1.6201
1.1642
2.1005
2.4338
3.4164
1.0987
0.99492
0.91006
3.3529
2.986
2.87
5.0439
5.196
6.1652
5.9637
5.5646
5.1081
4.8689
4.5087
3.6046
4.2329
2.6265
1.5908
2.2424
2.0871
2.6104
2.5235
3.577
3.1074
4.4851
4.5378
4.7824
4.6145
5.4359
3.3791
2.3985
1.9811
2.2391
3.5991
3.1406
3.5924
4.9757
5.0655
5.4965
5.0396
4.1979
4.6869
4.8978
4.2428
4.4118
4.4866
4.206
1.4767
1.9215
2.6309
3.3708
3.0328
3.5583
4.007
5.4142
5.0223
4.3849
5.4389
4.1928
3.3928
2.1099
2.698
2.5929
2.7164
2.8273
4.7047
4.6951
5.0703
4.0199
4.3267
4.7464
3.8222
3.568
4.102
4.04
4.0256
3.4982
1.8734
3.3397
3.4854
3.692
3.2998
3.3427
4.6266
5.3657
4.633
5.6892
3.7247
5.5807
4.232
2.5227
2.2848
2.9501
2.5178
3.1904
5.0482
4.4735
3.7977
3.7437
4.4714
4.5974
4.268
2.9025
4.0162
3.9738
4.0383
3.3776
3.4287
3.4675
2.7862
3.2035
3.2584
4.1589
4.707
5.0812
5.4719
3.4715
5.1332
4.9816
2.5577
2.6062
2.1316
2.379
1.8511
3.7505
4.6716
4.9863
5.0041
5.1976
4.8226
4.3067
2.9585
3.0368
4.2472
4.1368
3.6726
3.0038
3.3337
2.8537
3.0963
3.3569
4.4207
4.3469
4.7876
3.9977
4.0892
4.4851
4.824
4.6426
2.4371
1.9683
2.749
3.0055
1.9828
5.2272
5.8496
5.5952
5.8356
5.6911
5.2849
4.0469
3.0944
3.7534
3.7622
3.9305
3.9126
3.2778
2.2569
2.2025
3.7325
4.3977
4.3936
4.4441
3.5484
4.8094
4.9448
4.488
4.6931
3.2957
2.9894
3.0337
2.8758
2.8774
3.2032
5.6335
5.7817
6.3485
5.9455
6.0782
4.7211
4.77
4.419
4.4309
3.5402
3.3593
3.8562
3.6611
1.5061
3.4088
3.9384
4.28
4.095
3.6802
4.1843
4.401
4.0383
4.0869
4.1957
3.7272
3.7729
3.5555
3.4637
3.2991
3.7029
4.2623
5.452
5.1865
6.1749
5.4556
4.7933
4.3742
4.3562
4.1037
3.8601
4.0516
3.4846
2.8438
3.4789
3.7194
4.0543
3.4347
3.791
3.8376
4.1548
3.5831
4.5868
4.6869
4.455
4.0866
4.3048
3.6825
3.7904
3.8551
3.2435
4.6046
4.577
4.8876
5.263
4.7507
4.8069
4.6273
4.1039
3.7784
3.8563
3.8674
3.1891
3.0679
0.95912
0.8718
0.88369
0.88877
0.86392
0.98957
0.95273
0.96807
1.001
0.98867
0.94084
0.90284
0.88829
0.95039
0.86591
0.96071
0.9149
0.98063
1.007
1.0155
1.0473
1.1893
1.2495
1.2598
1.2945
1.2355
1.296
1.3518
1.2781
1.2932
0.87663
0.83448
0.82547
0.79466
0.85164
0.89649
0.879
0.92258
0.89593
0.92902
0.95156
0.94384
0.88851
0.90097
0.87147
0.92507
0.90025
0.91162
0.89927
0.91215
0.97194
0.98758
0.97697
1.0821
1.042
1.1368
1.1644
1.1804
1.1739
1.2171
1.0584
0.95977
0.83719
0.89805
0.88082
0.85179
0.83535
0.9052
0.89513
0.90334
0.90979
0.90633
0.89894
0.9138
0.99227
1.035
1.0313
1.038
0.95453
1.0335
1.085
0.92115
0.88272
2.6107
2.0518
0.96066
0.96932
1.0229
1.1542
1.0885
1.1146
1.0181
1.0506
0.95303
0.89087
0.9003
0.88521
0.90839
0.86652
0.88178
0.88782
0.91555
0.96042
0.95515
1.1252
1.1436
1.0493
1.0559
0.99944
1.0986
1.0991
1.4114
5.7461
5.4089
4.7164
3.0538
1.0459
0.91242
0.98905
1.0436
1.0514
1.0433
1.0841
1.0833
1.0526
1.0833
0.9954
1.0577
1.1316
1.0884
1.0723
1.0388
1.0915
1.0925
1.0864
0.91152
0.82124
0.70522
0.78536
0.78382
0.87201
4.1238
5.9684
5.0461
4.9938
4.3462
2.9337
0.92004
0.9517
0.96955
0.84659
0.84665
0.85851
1.0219
0.92892
0.98379
1.0063
1.0034
0.99167
1.0063
1.0273
1.0027
1.0664
1.0361
0.76765
0.75379
0.75649
0.81739
0.85498
0.95819
3.1126
6.1936
5.5518
5.0726
4.5008
5.8834
3.7829
2.1376
1.0411
0.96767
1.042
1.2104
1.2425
1.2915
0.88957
0.80484
0.79481
0.72602
0.80327
0.78352
0.75533
0.77061
0.79987
0.76123
0.74087
0.78475
0.80205
1.0265
0.97615
3.465
5.8226
5.7426
5.9105
5.7552
5.789
5.292
4.9523
3.6696
2.3539
1.4267
1.7327
1.9116
2.0729
2.9387
2.2474
2.0497
1.9305
2.0966
1.6156
1.147
2.0494
2.5571
3.1416
1.2118
0.89191
0.88455
3.1387
2.8593
2.5771
4.9293
5.5183
6.641
6.2627
5.8716
5.0613
4.7067
4.426
3.4599
4.4225
2.7471
1.5733
2.2481
2.0703
2.8175
2.6505
3.5324
3.0515
4.759
4.6128
4.6613
4.4524
5.9196
3.1161
2.53
2.2676
2.2549
3.8057
3.1751
3.7208
5.0062
4.7899
5.3947
5.008
4.0982
4.6462
4.6245
4.0323
4.4309
4.4841
3.9854
1.4442
1.9712
2.4773
3.3111
3.1334
3.6244
4.0264
5.4472
5.192
4.3763
5.4846
4.3797
3.6075
2.0459
2.8764
2.6717
2.7207
2.7958
4.5604
4.8235
4.9662
4.1137
3.887
4.6563
3.8485
3.5501
3.9489
4.0294
3.9899
3.5969
1.9527
3.7615
4.3838
4.0318
3.1465
3.315
4.8756
5.7991
4.8852
5.6293
3.6832
5.6934
4.7894
2.5638
2.2381
3.226
2.6169
2.9955
4.5203
4.4774
3.7567
3.8287
4.4499
4.644
4.1608
2.6843
3.7979
3.8449
4.0009
3.3148
4.0437
3.7753
2.8418
3.1013
3.208
4.6398
5.5997
4.9985
5.6914
3.6696
5.3145
4.8931
2.9139
2.6235
2.1243
2.3161
1.8159
3.4137
4.7601
4.8179
4.7755
5.2545
4.9173
4.4172
3.0188
2.9322
4.1941
4.2232
3.6987
3.0371
3.5709
3.1045
3.0846
3.8007
4.9076
4.5325
4.9859
4.0988
4.1541
5.0067
4.8163
4.5685
2.6325
2.021
2.6032
2.8407
2.2342
4.7771
5.8929
5.3726
5.5056
5.4617
5.2434
4.2222
3.0588
3.8375
3.895
3.985
3.8944
3.2726
2.3878
2.391
4.0637
4.587
4.5109
4.1857
3.7542
4.7991
5.1918
4.8778
5.3088
3.2929
2.3941
2.5334
2.745
2.8182
3.1547
5.3155
5.6336
6.2558
5.9025
5.7505
5.0279
4.5776
4.375
4.2708
3.394
3.4009
3.9253
3.5334
1.5186
3.7596
4.2325
4.3862
4.0892
3.6112
4.3813
4.6125
4.2751
4.1136
3.9724
3.4252
3.3558
3.465
3.4668
3.1619
3.5519
4.4437
5.3532
5.1891
6.2749
5.1574
4.7967
4.0256
4.3453
3.9877
3.5846
3.9971
3.5174
2.6872
3.7922
3.9747
3.8666
3.345
3.7124
3.9615
4.1787
3.5885
4.5087
4.7412
4.45
3.6723
4.7386
3.5951
3.8821
3.8819
3.3756
4.59
4.518
5.1235
5.467
4.9206
4.6415
4.6883
4.0682
3.5882
3.7659
3.931
3.2372
3.1628
0.89405
0.84201
0.84745
0.88016
0.91204
0.97088
1.0398
1.078
0.95215
0.93873
0.94161
0.92158
0.90904
0.93632
0.92648
0.95092
0.95167
1.0013
0.99918
1.0075
0.97874
1.1581
1.1824
1.2339
1.2335
1.268
1.3356
1.2942
1.3193
1.3061
0.95338
0.84065
0.8393
0.87673
0.83659
0.87042
0.94137
0.93229
0.93144
0.93836
0.90698
0.92367
0.91549
0.92416
0.8777
0.90191
0.96263
0.89677
0.91293
0.93492
1.0355
0.94976
0.99489
1.08
1.0021
1.0666
1.1561
1.232
1.2269
1.2278
1.0769
0.90437
0.91099
0.88074
0.85234
0.8816
0.88848
0.86981
0.89078
0.94284
0.89617
0.8856
0.91116
0.89729
0.91645
1.0644
0.98696
1.0044
1.0608
1.0741
1.1577
0.9537
0.97018
2.486
2.1094
0.94697
1.0347
1.07
1.1194
1.148
1.151
1.0577
0.94375
0.98453
0.93828
0.92913
0.8768
0.90023
0.89279
0.94034
0.95195
0.91145
0.9539
0.99083
1.1202
1.1399
1.0126
1.0434
1.1245
1.1906
1.1078
1.4881
5.1176
5.0136
4.9067
3.3815
1.0361
0.96653
1.0148
1.0631
1.0908
1.0371
1.1174
1.1289
1.0419
1.0545
1.0631
1.0782
1.0389
1.1802
1.0665
1.0274
1.0794
1.0864
1.0086
0.94213
0.91835
0.79624
0.72864
0.80134
0.83145
4.1674
5.4529
4.5406
5.1275
4.6993
2.8523
0.94477
0.93669
0.96312
0.89327
0.8199
0.92196
0.87623
0.98767
0.95688
1.026
1.0288
0.97141
0.95749
1.0688
1.0458
1.0727
0.91727
0.70218
0.73784
0.77338
0.73314
0.89164
0.99841
3.3003
5.8444
5.8461
5.1324
5.3192
5.893
3.6238
2.0525
1.0204
0.97522
1.0726
1.1527
1.248
1.2776
0.88142
0.76354
0.78542
0.75946
0.74018
0.76996
0.72241
0.75463
0.81947
0.81436
0.80315
0.81302
0.89396
0.96971
0.88332
3.2667
6.0307
5.7638
5.7815
5.6117
6.0722
5.2621
4.8572
3.5437
2.3744
1.3907
1.7544
1.8698
2.0865
2.8867
2.2496
2.0055
1.9596
2.1436
1.7729
1.1081
1.8426
2.2695
3.4695
1.1212
0.96582
0.98748
3.4081
2.8439
2.5237
4.8848
5.2868
6.535
6.434
5.6878
5.2711
4.6857
4.4788
3.9158
4.3897
3.1674
1.5664
2.2603
2.0799
2.7952
2.6336
3.4645
3.1561
4.2993
4.5526
4.6545
4.4074
5.5741
3.1169
2.7318
2.3408
2.2963
3.6717
3.0281
3.7105
5.071
4.9574
5.2573
4.9505
4.4331
4.7196
4.7768
4.3545
4.9074
4.7188
4.3144
1.4503
1.9018
2.6157
3.3344
2.9727
3.7541
3.9276
5.1464
5.0772
4.3554
5.6267
4.9502
3.4055
2.047
2.7928
2.8041
2.7201
2.7812
4.0902
4.5218
5.0924
3.8283
3.9248
4.9487
3.7407
3.599
4.0735
4.3791
4.2609
3.6677
1.7343
2.9208
3.3226
3.8705
3.3067
3.3805
4.876
5.2179
4.7767
5.4633
3.6607
6.3138
4.415
2.5594
2.2251
3.0748
2.8176
2.9979
4.1694
4.4641
3.7228
3.9901
4.6796
4.8987
4.2828
2.8224
4.0602
4.1085
4.2573
3.6263
3.4709
3.1202
2.756
3.1047
3.3303
4.2764
4.9055
4.8543
5.4252
3.3025
4.9834
5.2528
2.8811
2.9181
2.0634
2.3459
2.0703
3.3986
4.3508
4.8139
4.9362
5.2493
5.1231
4.416
3.0296
3.0766
4.3463
4.436
3.8976
3.2201
3.1141
2.9336
3.0924
3.4509
4.2752
4.4387
4.8992
3.7321
4.0803
4.3922
4.635
4.67
2.8793
2.2828
2.2236
2.7364
2.2044
4.5052
5.5007
5.213
5.5373
5.6022
5.5566
4.2235
3.0655
3.8912
3.9213
4.1254
4.0294
3.547
2.3644
2.3282
3.5623
4.0657
4.2263
4.2594
3.6298
4.7106
5.0441
5.133
5.1111
3.4636
2.4362
1.8699
2.5894
2.9592
3.3521
5.556
6.2672
6.2726
6.0492
5.7896
4.7265
4.5928
4.4716
4.2173
3.6502
3.4431
3.9241
3.6153
1.551
3.3273
3.9356
4.1256
4.0283
3.5603
4.2406
4.6692
4.1786
4.3435
3.9014
3.5483
2.5815
3.1896
3.3762
3.229
3.752
4.496
5.7706
5.3328
6.3372
5.1022
4.6811
3.9551
4.246
4.0454
3.6024
3.9485
3.4989
2.8255
3.3604
3.639
3.767
3.2647
3.5965
3.8813
4.2172
3.6227
4.4016
4.7151
4.1645
3.2477
3.951
3.5231
3.7769
3.7352
3.3612
4.732
4.6509
5.0539
5.6496
4.8001
4.6025
4.6036
4.1585
3.7524
3.9457
3.9014
3.3205
3.1112
0.96936
0.84854
0.86194
0.93929
0.94148
0.94187
0.94715
0.95645
0.96115
0.91392
0.91579
0.93552
0.90905
0.9718
0.99631
1.0318
0.97876
0.99142
0.96783
1.0638
1.0327
1.0861
1.0841
1.1828
1.2145
1.2907
1.3312
1.2891
1.3027
1.2858
0.89043
0.85305
0.80933
0.82124
0.83073
0.89021
0.89827
0.85493
0.91511
0.90721
0.90764
0.87861
0.91293
0.90031
0.92095
0.90795
0.8911
0.92552
0.93265
0.97896
0.96244
1.02
1.014
0.99168
1.0656
1.0933
1.1864
1.1908
1.2065
1.1758
0.96835
0.95982
0.90622
0.87305
0.89771
0.8729
0.87169
0.8985
0.83626
0.90393
0.91193
0.83034
0.91643
0.92076
0.96144
0.95198
0.85987
0.97736
0.9987
1.0243
1.0567
1.0292
1.0059
2.5821
1.9266
0.97524
1.041
1.0794
1.0947
1.0617
1.13
1.0376
0.93739
0.98787
0.89844
0.87741
0.90559
0.88269
0.85904
0.93917
0.88731
0.92469
0.92267
1.0284
1.0943
1.1283
1.0487
1.0986
1.0722
1.0646
1.0994
1.4156
4.6547
5.0201
4.7794
2.9174
0.94039
0.95705
1.0238
1.0008
1.0494
1.0609
1.0749
1.0721
1.0986
1.0584
0.99944
0.99388
1.0545
1.0547
1.0404
1.0757
1.0608
1.0422
1.0988
0.86671
0.8547
0.79319
0.85904
0.74533
0.84629
3.8584
5.2834
4.8506
5.9055
4.9201
3.0083
0.93915
0.9614
0.94623
0.85282
0.82426
0.83274
0.88111
0.97763
0.94135
1.0385
0.9384
0.9612
0.98425
1.0364
1.1105
1.0636
0.87859
0.72401
0.79513
0.75386
0.76261
0.75948
0.95245
3.4904
6.3995
5.63
5.7951
4.8251
5.7065
3.5282
2.1277
0.99639
0.93797
1.0996
1.2041
1.2232
1.4558
0.87325
0.78344
0.74557
0.76674
0.79831
0.81721
0.84235
0.74744
0.77411
0.72131
0.76407
0.80958
0.79155
0.96988
0.91485
3.4897
6.4458
5.8146
6.0251
5.8437
6.0097
5.1929
4.7125
3.3319
2.2707
1.3729
1.8772
1.9595
2.0389
2.9192
2.253
2.1082
1.8533
2.0932
1.6651
1.043
1.8684
2.6362
3.8905
1.2004
0.79509
0.99299
4.3098
2.9856
2.585
5.4692
5.5185
6.6207
6.2194
5.9131
5.0085
5.1558
4.5094
3.5647
4.34
2.9236
1.5394
2.3238
2.129
2.8513
2.7243
3.4884
2.9727
4.4613
4.7293
4.3515
4.3027
6.1527
3.609
2.9073
2.6041
2.7976
4.5188
3.428
4.0869
5.8626
5.6096
5.5142
4.9234
4.6253
4.8159
4.8215
4.243
4.6211
4.4501
3.8751
1.481
1.9191
2.533
3.4348
3.2123
3.6934
4.0636
5.4932
5.8248
4.7542
6.5761
4.9769
3.5877
2.1883
3.098
3.1566
2.8789
2.793
4.5937
5.5148
5.8081
4.9379
4.4729
5.1099
3.9161
3.503
4.2478
4.5901
4.3987
3.5208
1.8098
3.1821
3.4779
4
3.1952
3.4209
4.8894
5.9086
5.1046
6.8438
4.2189
7.7242
5.2626
2.7237
2.6219
3.1209
3.0959
3.4597
4.4789
5.1164
5.2179
5.5417
6.013
5.5749
4.1833
2.789
3.8701
4.0333
4.1392
3.4509
3.5712
3.3349
2.745
3.0671
3.254
4.3979
5.5988
5.6744
6.5761
4.0013
6.4782
6.3327
3.0204
3.1145
2.1908
2.0932
2.0986
3.6123
4.4258
6.2307
6.2824
6.728
6.409
4.7182
3.0645
3.3283
4.3401
4.5357
3.7897
3.0381
3.1432
2.9525
3.1459
3.4031
4.7721
4.4883
5.017
4.4975
4.7001
4.9883
5.326
5.2192
2.8782
2.4974
2.0201
2.665
2.2014
5.4474
5.5461
6.0071
6.2397
6.5478
5.8564
4.2524
3.1505
4.2956
4.1148
3.9701
4.0336
3.3442
2.2979
2.3098
3.7559
4.31
4.2343
4.462
3.8549
5.3685
5.5566
5.5793
5.6343
3.8224
2.4558
1.8396
1.7295
2.9721
3.4387
5.6882
5.948
6.5602
5.9408
5.9527
5.0129
4.9118
4.6529
4.3068
3.8284
3.3658
3.9037
3.7623
1.4541
3.7419
4.1757
4.3451
4.0959
3.6741
4.5652
4.9349
4.8657
5.3855
4.341
3.4344
1.807
2.7957
3.2749
3.3836
3.7614
4.7799
5.6028
5.7226
6.2492
5.6106
4.635
4.1355
4.4045
4.2261
3.7843
4.1122
3.6571
3.0056
3.6267
4.0758
4.1288
3.303
3.6819
4.0275
4.3139
4.0212
4.6781
5.5987
4.0813
3.0985
3.5688
3.7013
3.957
3.7675
3.4894
5.0517
4.8607
5.8012
5.7242
4.9579
4.655
4.9261
4.2843
3.762
3.9805
3.957
3.2434
3.2335
