1.4771
1.5158
1.5271
1.2862
1.1979
1.3926
1.3496
1.285
1.4789
1.2651
0.95564
1.0203
1.2896
1.2826
1.2704
1.1297
1.1058
1.1211
1.0802
1.0144
1.1253
1.2795
1.1623
1.188
1.2195
1.0963
1.0188
0.83579
0.89473
0.79561
1.9808
1.9541
1.9045
1.8085
1.7019
1.9387
1.8131
1.8448
1.9272
1.4436
1.2422
1.3663
1.2878
1.7315
1.5749
1.5198
1.4868
1.4417
1.3933
1.3422
1.4273
1.6877
1.6292
1.5541
1.5421
1.4808
1.3853
1.1349
1.1758
1.1085
2.0075
1.9238
1.8881
1.761
1.767
1.9483
1.8337
1.9174
1.9518
1.3788
1.2781
1.3417
1.2506
1.7596
1.6336
1.4431
1.4391
1.3634
1.382
1.3743
1.391
1.8084
1.8464
1.8817
1.9122
1.5566
1.3963
1.1129
1.1457
1.1022
1.9365
1.8905
1.9887
1.753
1.8017
1.9824
1.9424
2.0716
1.7095
1.4262
1.6219
1.4103
1.2703
2.0328
2.0586
1.5452
1.4131
1.426
1.8436
1.448
1.375
1.83
1.9194
1.875
1.941
1.5055
1.4569
1.2089
1.2269
1.3125
2.033
1.9396
1.9457
1.7968
1.8368
2.0135
1.9924
1.9745
1.8493
2.0003
1.7027
1.4648
1.2321
2.0282
1.8566
1.7882
1.4034
1.6498
1.6903
1.5426
1.4072
1.9116
1.9246
1.7894
1.9406
1.5739
1.3894
1.1851
1.3197
1.3687
1.8487
1.8268
1.9056
1.7404
1.8678
2.0035
1.9593
1.8011
1.755
2.047
1.5866
1.4754
1.2652
1.8283
2.0069
1.8101
1.7083
2.0018
1.8381
1.8507
1.605
1.5167
1.5134
1.5872
1.5346
1.4399
1.4052
1.2479
1.4349
1.4884
1.718
1.8348
1.854
1.6669
1.8154
2.063
1.9639
1.5758
1.6665
2.0887
1.4475
1.4885
1.2815
1.8282
1.9847
1.9832
1.9943
2.0024
1.9989
1.9648
1.8047
1.3848
1.3601
1.3502
1.4628
1.4539
1.4048
1.2139
1.6048
1.5145
2.0889
2.0211
1.9535
1.819
1.8238
2.0387
1.9602
1.8462
2.026
2.047
1.3907
1.422
1.3117
1.85
2.0716
2.0884
1.9381
1.8025
2.0611
1.7881
1.6149
1.4846
1.363
1.4063
1.478
1.5187
1.4603
1.2119
1.5447
1.3675
1.7798
1.9157
1.9414
1.7067
1.9208
1.9941
1.862
1.9962
2.0699
2.091
1.2508
1.8768
1.8386
1.866
1.8745
1.9587
1.8874
1.7071
1.7745
1.7418
1.7283
1.7825
1.8555
1.5307
1.5023
1.5254
1.3386
1.2079
1.4366
1.1351
1.753
1.7731
1.7585
1.6158
1.8875
1.5523
1.4376
2.0236
2.0254
1.884
1.5177
1.918
1.8916
1.7826
1.7052
1.6278
1.4741
1.4124
1.4276
1.341
1.3543
1.3342
1.8964
1.9396
1.8426
1.6791
1.512
1.1384
1.2547
1.2113
1.5841
1.7561
1.8259
1.7877
1.8961
1.9417
1.8574
1.8682
1.8855
1.9427
1.9535
1.9618
1.7261
1.5815
1.4201
1.3596
1.2682
1.2985
1.2985
1.2954
1.3484
1.2776
1.3717
1.7405
1.8648
1.961
2.0926
2.0552
1.8692
1.6136
2.1087
2.0109
1.9606
2.0356
2.0438
2.0692
1.9537
1.9983
2.0111
1.9798
1.6429
1.0736
0.92799
1.0718
1.1607
1.2777
1.3603
1.3873
1.2744
1.2304
1.32
1.368
1.4834
1.4933
1.6455
1.9381
2.0525
2.0896
2.0559
1.9521
1.9618
1.8814
1.9348
1.9619
1.9863
2.0667
2.0844
2.0147
1.8464
1.5852
1.4036
1.1335
1.1236
1.1454
1.1542
1.1233
1.0674
1.1539
1.2981
1.2569
1.2064
1.2399
1.3211
1.3292
1.4441
1.5458
1.8807
2.1163
2.0295
2.0422
2.0672
1.9891
2.0136
2.029
2.0738
1.9884
1.8757
1.8541
1.7322
1.6638
1.6183
1.7161
1.6084
1.5088
1.4222
1.7342
1.7753
1.4089
1.8047
1.6108
1.2016
1.2122
1.185
1.1845
1.2551
1.3794
1.3927
1.7315
2.0337
2.0814
2.0401
2.048
2.0917
2.0497
1.9153
1.8899
1.828
1.8599
1.8264
1.8413
1.8941
2.0139
2.0837
1.2809
1.5659
1.8637
1.9151
1.4697
1.4943
1.4977
1.3109
1.1359
1.1539
1.2061
1.2927
1.2971
1.3203
1.3756
1.5714
1.9881
1.9433
1.9571
1.9393
1.8997
1.8421
1.8434
1.8832
1.8495
1.9805
1.9054
1.8427
1.9179
1.8635
1.7004
1.5055
1.4583
1.38
1.2385
1.2787
1.2444
1.273
1.2953
1.6654
1.8972
1.7741
1.3577
1.3633
1.4178
1.4661
1.4666
1.5034
1.5137
1.4811
1.3022
1.2122
1.403
1.3374
1.3585
1.4533
1.2241
0.9619
1.0311
1.2021
1.2768
1.2565
1.1331
1.073
1.103
1.1034
1.0411
1.0542
1.3008
1.1189
1.1467
1.2094
1.1094
1.0961
0.79571
0.86389
0.81091
1.9825
1.9787
1.8877
1.8022
1.7426
1.8883
1.8399
1.7875
1.9307
1.3837
1.2209
1.3611
1.3055
1.7255
1.5941
1.448
1.4872
1.4845
1.4276
1.3595
1.3988
1.6966
1.5456
1.5794
1.5614
1.4781
1.3875
1.079
1.13
1.096
1.8976
1.9531
1.9846
1.7691
1.755
1.9996
1.8879
1.8911
1.886
1.3776
1.2863
1.3521
1.2635
1.7881
1.6467
1.4731
1.4123
1.3977
1.3527
1.3632
1.3989
1.8709
1.8219
1.8528
1.9095
1.4839
1.4132
1.1128
1.1583
1.0871
1.9047
1.9037
1.9803
1.7206
1.8031
2.0349
1.9304
2.0085
1.624
1.4054
1.5329
1.374
1.2498
2.0467
2.1277
1.5683
1.3947
1.3823
1.745
1.3395
1.3681
1.8165
1.9883
1.762
1.9284
1.5463
1.4208
1.1356
1.2414
1.2
2.0428
2.0019
1.9323
1.803
1.9257
2.0775
2.0336
1.9724
1.8066
2.0011
1.6529
1.3806
1.2253
2.0209
1.8644
1.808
1.4412
1.6766
2.5198
2.3239
1.3967
1.9038
1.9069
1.7959
1.9698
1.5262
1.389
1.1786
1.2701
1.3035
1.8063
1.9139
1.8979
1.7493
1.8421
2.0203
1.9954
1.7782
1.7892
2.0809
1.6062
1.4781
1.2188
1.8158
1.9181
1.8861
1.7622
2.0749
2.1638
2.42
1.7247
1.4955
1.5255
1.495
1.5607
1.4282
1.3476
1.174
1.44
1.4696
1.7342
1.8453
1.8469
1.6588
1.8114
2.0007
1.9502
1.5716
1.6508
2.0769
1.4876
1.4816
1.2781
1.8696
2.013
2.7052
4.3074
2.8168
2.3896
2.555
2.4766
1.3744
1.3984
1.3267
1.4677
1.4
1.3689
1.2265
1.5029
1.4746
2.15
1.9734
2.0189
1.7906
1.8403
1.9882
1.9637
1.8533
1.9892
2.0764
1.3704
1.4466
1.2853
1.8531
2.0462
5.2432
8.0463
2.1216
3.3386
3.155
1.8209
1.4828
1.3319
1.4344
1.5081
1.507
1.4089
1.2658
1.5157
1.3637
1.8211
1.8933
1.9624
1.6914
1.878
1.9808
1.8168
1.9974
2.1035
2.0969
1.2237
1.8204
1.8539
1.8186
1.8618
2.7091
3.1746
2.9272
5.8904
2.1225
1.818
1.8785
1.8559
1.5289
1.4653
1.5259
1.3654
1.2172
1.4015
1.1864
1.8093
1.7378
1.816
1.5663
1.8738
1.5432
1.4289
2.0189
2.0575
1.8992
1.5296
1.905
1.9736
1.7921
1.757
1.7118
1.534
1.4225
1.3751
1.343
1.3426
1.3555
1.9154
1.9857
1.826
1.6808
1.5102
1.1583
1.2823
1.1713
1.5027
1.7367
1.7955
1.7489
1.9585
2.0124
1.8675
1.8865
1.9006
1.9481
2.0168
2.0137
1.6987
1.5558
1.4444
1.3472
1.3048
1.3385
1.3271
1.3095
1.2751
1.3034
1.3386
1.7343
1.9289
1.9947
2.107
2.0099
1.8912
1.6491
2.1141
2.0169
2.0198
2.0967
2.0594
2.0975
1.9529
2.02
1.9952
1.9762
1.6955
1.0771
0.95991
1.0691
1.1699
1.3249
1.3606
1.3871
1.2994
1.2622
1.3238
1.3704
1.451
1.4921
1.6473
1.9273
2.1262
2.1181
2.0229
2.0128
1.9599
1.9133
1.902
2.0469
2.0401
2.0618
2.0776
2.0514
1.8534
1.6008
1.3982
1.1842
1.1475
1.1381
1.188
1.1505
1.0786
1.1356
1.3396
1.2892
1.2198
1.2686
1.3005
1.3447
1.477
1.5326
1.9504
2.1761
2.1125
2.1196
1.9633
2.0003
2.0361
2.0148
2.1015
2.0438
1.8806
1.8376
1.7779
1.6865
1.6083
1.6718
1.6728
1.551
1.4374
1.7625
1.846
1.3946
1.8585
1.614
1.1752
1.223
1.1709
1.2192
1.3067
1.3829
1.4444
1.7868
2.0995
2.1151
2.0709
2.0475
2.0116
1.9681
1.9224
1.857
1.8081
1.8883
1.8442
1.8696
1.9211
2.0469
2.0442
1.2936
1.6089
1.8991
1.9722
1.472
1.4842
1.4874
1.3301
1.1632
1.175
1.1995
1.2798
1.3126
1.3505
1.3661
1.5912
1.9517
1.9738
2.0054
1.9406
1.9448
1.8538
1.8362
1.8538
1.8431
1.9523
1.8924
1.8781
1.9088
1.8904
1.7071
1.464
1.4314
1.3549
1.2949
1.2797
1.2833
1.2788
1.3227
1.7206
1.9384
1.7943
1.388
1.3688
1.4542
1.4857
1.4759
1.5142
1.5544
1.6104
1.4064
1.2322
1.4213
1.4147
1.325
2.0716
1.2341
0.93047
1.1483
2.0476
1.4246
1.7906
1.1032
1.1476
1.1245
1.1172
0.99686
1.2213
1.349
1.2112
1.2418
1.5672
1.0782
1.6007
0.86594
0.8243
0.86161
2.2674
2.3015
2.3209
2.0714
1.6952
1.826
1.8292
1.7525
2.3945
3.9139
1.4343
1.4599
1.7126
1.8815
2.4964
1.4836
1.4794
1.43
1.3706
1.3245
1.5042
1.7152
1.7271
1.7349
1.9203
1.4845
2.1233
1.0875
1.1669
1.0788
1.8904
1.9266
1.9028
1.8182
1.7828
1.9222
1.8395
1.8122
1.8696
1.3403
1.2351
1.5553
1.5239
1.9639
2.0066
1.4686
1.4463
1.3902
1.3386
1.3345
1.4882
1.9282
1.879
1.9339
2.0907
1.5007
2.0532
1.1465
1.1196
1.1018
1.9177
2.1117
2.4446
1.9191
1.8267
1.9973
1.9705
2.3875
3.0603
1.3757
1.5176
1.5303
1.6469
1.9769
2.1043
1.648
1.3991
1.3691
1.71
1.3538
1.4025
1.9517
1.9651
1.8848
2.0909
1.6404
2.0071
1.1148
1.2481
1.2579
2.4529
2.1652
2.0665
1.8317
1.8192
2.0044
2.0235
2.0061
2.159
2.1392
1.6306
1.541
1.6471
2.076
1.8894
1.9772
1.3905
1.8244
2.065
2.1399
1.4158
2.0216
1.972
1.8984
2.1177
1.5217
2.0868
1.1339
1.3268
1.3503
1.8134
1.8715
1.9431
1.7533
1.8624
2.0052
2.044
1.6871
1.8357
2.0983
1.5492
1.6087
1.5239
1.9115
1.9993
1.6534
1.6766
2.069
1.9239
2.2273
1.557
1.6713
1.6508
1.5445
1.6342
1.4874
2.016
1.1755
1.4004
1.4563
1.6218
1.8965
1.8778
1.6492
1.8405
1.9968
1.9822
1.502
1.7194
2.0758
1.4812
1.5361
1.4236
1.8993
2.0313
1.8976
2.0233
2.055
2.0834
2.1403
1.7788
1.4349
1.477
1.3008
1.4834
1.4187
2.0165
1.1847
1.5144
1.5028
2.1935
2.1334
2.3079
1.8307
1.8736
2.0061
2.009
2.2023
1.9555
2.0619
1.3342
1.554
1.5699
1.8519
2.0531
2.1146
2.0802
2.1875
2.0037
2.1757
1.6666
1.4632
1.3933
1.4322
1.5012
1.5187
2.0167
1.2107
1.5731
1.3657
1.7758
1.8807
1.9169
1.6304
1.8791
1.97
1.8498
2.0328
2.1831
2.0851
1.2218
2.4265
2.3561
1.9804
2.0254
2.0986
2.0609
1.9289
1.9175
1.8258
1.8978
2.0025
1.9231
1.5781
1.5044
1.5047
2.0114
1.1524
1.426
1.1528
1.7313
1.6851
1.7203
1.5365
1.932
1.499
1.4272
1.977
2.0788
2.0876
1.8439
1.9775
2.0214
1.8863
1.8019
1.8327
1.5266
4.232
9.016
1.4245
1.3595
1.7328
2.2285
1.9922
1.8399
1.6689
1.9329
1.1154
1.2518
1.1357
1.4214
1.7472
1.7726
1.7116
1.9698
1.9333
1.8904
1.8848
1.9105
1.9634
1.9699
2.0158
1.8708
1.6386
1.5215
1.3678
1.3658
1.3799
1.3798
1.3596
1.3476
1.3554
1.4206
1.8744
1.9746
2.0625
2.0604
2.0346
1.8638
1.5632
2.0882
2.1041
1.9881
2.0158
2.0524
1.9991
1.9756
1.9479
1.9772
1.9353
1.7345
1.2246
0.9428
1.115
1.2211
1.3038
1.3499
1.3945
1.2742
1.2903
1.3688
1.3794
1.4974
1.5093
1.7175
1.9573
2.0558
2.121
2.0667
1.8954
1.9368
1.9122
1.9219
1.9794
2.018
2.0434
2.0671
2.0188
1.871
1.6088
1.4038
1.1833
1.1198
1.1504
1.1851
1.1565
1.0721
1.1734
1.3838
1.3556
1.2258
1.2753
1.3122
1.356
1.4488
1.5498
1.9714
2.2301
2.1224
2.047
2.019
2.0439
2.0173
2.0915
2.0266
1.9777
1.8627
1.8072
1.7276
1.7127
1.6855
1.7087
1.6348
1.5544
1.4279
1.7282
1.83
1.4859
1.8499
1.6186
1.2151
1.1942
1.1689
1.2063
1.2825
1.3647
1.4551
1.7806
2.0077
2.097
2.0361
2.0275
2.1022
1.9762
1.914
1.866
1.8177
1.8061
1.7905
1.8811
1.9382
2.0389
2.0221
1.3618
1.5429
1.869
1.9273
1.4607
1.4148
1.5352
1.3234
1.192
1.2019
1.2458
1.3311
1.3145
1.3062
1.3745
1.5896
2.0019
1.9274
1.9709
1.9241
1.9467
1.8213
1.8138
1.8113
1.9018
1.925
1.9526
1.8385
1.8472
1.8849
1.6873
1.5084
1.4677
1.3789
1.2877
1.294
1.2701
1.2652
1.3379
1.7679
1.9205
1.7578
1.3711
1.3458
1.5008
1.4504
1.4832
1.4451
1.5168
1.4646
1.2519
1.4267
1.4717
1.4923
1.4878
1.5259
1.2544
1.2097
0.8903
1.1023
1.3766
1.1554
1.1771
1.1197
1.175
1.143
0.95033
1.0623
1.2887
1.1178
1.1252
1.1713
1.1083
1.1738
0.95296
0.86915
0.80768
2.0618
2.0966
2.0674
1.7124
1.7978
2.0451
1.8574
1.9344
1.9587
1.6899
1.7309
1.2071
1.0682
1.8264
1.4886
1.5205
1.4679
1.4472
1.4191
1.2769
1.2929
1.7186
1.5834
1.5269
1.4647
1.5498
1.6135
1.2785
1.1487
1.0538
1.8671
1.9491
1.9572
1.6467
1.9304
2.0427
1.9022
1.9578
1.8634
1.1839
1.6223
1.1746
1.0635
1.8381
1.6169
1.3808
1.4332
1.3857
1.31
1.3204
1.3863
1.8828
1.7835
1.8296
1.8394
1.5793
1.6099
1.3248
1.1854
1.0703
1.9104
2.0006
1.9925
1.7023
1.9456
2.0786
1.9509
2.0944
1.6784
1.3167
1.702
1.3226
1.1246
2.083
2.1026
1.5298
1.3865
1.3514
1.7074
1.3726
1.3858
1.8463
1.9528
1.8185
1.8394
1.5678
1.6443
1.4203
1.2821
1.1841
2.007
1.9555
1.996
1.7645
1.9969
2.0603
2.037
1.9803
1.9234
2.0603
1.797
1.3468
1.0801
2.0991
2.0347
1.8527
1.4442
1.574
1.8616
1.5005
1.3954
1.9053
1.862
1.7867
1.9693
1.575
1.6402
1.4139
1.2897
1.3163
1.7766
1.9258
2.0068
1.6351
1.9565
2.0859
2.0047
1.7306
1.8545
2.1233
1.7532
1.6282
1.0231
1.8417
2.0237
1.756
1.5629
2.0338
1.8588
1.7699
1.5413
1.4721
1.5332
1.4434
1.5493
1.4514
1.6329
1.4278
1.4197
1.4114
1.6144
1.8476
1.94
1.5991
1.9153
2.1209
2.0302
1.49
1.7503
2.096
1.7034
1.4275
1.1181
1.9091
2.0664
1.9758
1.9431
2.1359
2.0286
1.9464
1.7612
1.3802
1.3789
1.3003
1.4373
1.4109
1.6562
1.3706
1.4832
1.4768
2.1088
2.0608
2.0244
1.6705
1.9582
2.0735
2.0473
1.9548
2.0094
2.0465
1.5908
1.2447
1.1053
1.8741
2.0832
2.089
2.044
1.8927
1.9139
1.7899
1.5209
1.4992
1.3122
1.4342
1.4716
1.4586
1.6476
1.3261
1.4798
1.3765
1.7805
1.8297
2.0257
1.6253
1.9829
2.0151
1.8616
2.0566
2.1132
2.0541
1.4838
1.8207
1.8102
1.9424
1.9126
2.0237
2.0043
1.9597
1.9957
1.8933
1.8121
2.0106
1.8612
1.5426
1.5566
1.4804
1.6784
1.2551
1.3957
1.2029
1.7223
1.7048
1.8124
1.5064
1.9432
1.4879
1.4264
2.0504
2.1489
1.9691
1.7564
1.9104
1.8868
1.7624
1.7162
1.6024
1.4752
1.3594
1.4309
1.2646
1.2864
1.3461
1.972
1.9732
1.8622
1.7062
1.8046
1.2924
1.2483
1.1771
1.5
1.68
1.7443
1.7547
1.9501
2.0454
1.8915
1.8659
1.8928
1.9785
2.0065
2.0371
1.7416
1.5609
1.4958
1.4006
6.1411
11.328
4.1035
1.3286
1.3189
1.2963
1.381
1.7541
1.8741
2.0105
2.0842
1.999
1.9026
1.6341
2.0654
2.4195
2.3677
2.1239
2.0311
2.015
1.9626
2.0056
2.056
2.0341
1.7904
1.2132
0.97372
1.1252
1.2308
1.4521
2.5096
12.88
2.5036
1.26
1.3436
1.3999
1.4578
1.5313
1.6925
1.9844
2.1213
2.172
2.0385
1.9236
1.974
2.0198
1.9377
2.0055
2.0662
2.0862
2.0863
2.1412
1.9071
1.64
1.4699
1.2546
1.1975
1.3145
1.4016
1.3118
1.1664
1.5325
1.5482
1.7381
1.2787
1.3475
1.3698
1.4
1.4945
1.535
2.0051
2.1744
2.0809
2.0786
2.0879
2.0914
2.0345
2.1083
2.0342
2.0055
1.9297
2.0485
1.8657
1.7472
1.7568
1.7615
1.6536
1.7995
1.9779
1.8729
1.9736
1.9209
2.2018
2.0728
1.8824
1.8656
1.8074
1.7516
1.7246
1.6318
1.7108
2.2607
2.1016
2.0558
2.1088
2.0356
1.9808
1.9592
1.9384
1.933
1.8396
1.8482
1.9122
1.9258
1.9569
2.0532
2.0565
1.5154
1.7738
1.9685
2.0572
1.7719
1.7128
1.7801
1.8796
2.1598
1.8831
1.9871
1.9692
2.0151
1.9598
2.1161
2.0293
2.0902
1.8307
1.8975
1.9182
1.8972
1.8524
1.8551
1.8527
1.8842
1.9696
1.9401
1.9232
1.8733
1.9199
1.7479
1.5163
1.4583
1.4509
1.384
1.3643
1.3199
1.4084
1.4071
1.7169
1.7886
1.792
1.5612
1.4773
1.5317
1.5842
1.6609
1.4441
1.4998
1.4361
1.2748
1.4227
1.4916
1.4839
1.5593
1.5212
1.3516
1.141
0.90841
1.0655
1.3036
1.1139
1.189
1.1645
1.1533
1.1826
0.94997
1.0932
1.2457
1.0781
1.0812
1.1808
1.0893
1.1804
0.89863
0.86801
0.81127
2.0536
2.087
2.0441
1.6938
1.8575
1.9852
1.9411
2.0492
1.9255
1.6417
1.5279
1.207
1.0685
1.6654
1.3745
1.491
1.4882
1.452
1.4201
1.3232
1.3925
1.6366
1.5638
1.5219
1.5207
1.4844
1.5053
1.1943
1.2259
1.1455
1.8387
1.9284
1.9445
1.7122
1.9022
1.976
1.9419
1.9895
1.8632
1.1678
1.3978
1.2037
1.0479
1.708
1.5302
1.4203
1.4354
1.3922
1.3502
1.2941
1.3679
1.732
1.802
1.8212
1.8405
1.5395
1.5878
1.2477
1.2067
1.1065
1.9488
1.9529
1.9916
1.6788
1.9614
2.0594
2.0287
2.0182
1.682
1.3292
1.582
1.2164
1.1389
2.1186
2.1058
1.5247
1.3986
1.3369
1.6807
1.3788
1.3916
1.774
1.965
1.7392
1.818
1.576
1.5301
1.3072
1.2929
1.2375
1.9521
1.9733
2.0077
1.7394
1.9848
2.1076
2.0745
1.9462
1.9597
2.0315
1.7395
1.2274
1.1194
2.0563
2.0545
1.7485
1.4862
1.5218
1.8566
1.4643
1.3749
1.8061
1.8051
1.7799
1.9003
1.6148
1.5377
1.2846
1.3189
1.3265
1.8034
1.9233
1.9963
1.6449
1.988
2.0313
2.0396
1.774
1.8929
2.1068
1.7682
1.4229
1.0837
1.7788
1.9849
1.7745
1.6528
2.0324
1.885
1.7221
1.5272
1.4206
1.4784
1.4038
1.5369
1.4669
1.5953
1.3131
1.4728
1.5053
1.6601
1.8874
1.9561
1.6352
1.9654
2.0625
2.0667
1.5198
1.7884
2.104
1.6331
1.297
1.0892
1.8274
2.0562
1.9961
1.978
2.0747
2.0268
1.9274
1.7014
1.3841
1.3936
1.3305
1.4493
1.4596
1.5743
1.3356
1.546
1.4785
2.0781
2.0515
2.0566
1.7187
1.9915
2.0397
2.0022
1.9941
2.062
2.0602
1.4916
1.2243
1.1036
1.8655
2.1043
2.1234
2.0794
1.8139
1.9108
1.7278
1.5755
1.4996
1.3361
1.4707
1.442
1.4868
1.5291
1.3134
1.4929
1.3851
1.8346
1.868
1.9877
1.6362
2.0241
2.0245
1.8474
2.0127
2.2054
2.1451
1.4965
1.8376
1.8155
1.8679
1.9321
2.0528
2.0447
1.9276
2.0016
1.864
1.7645
1.8839
1.8961
1.5404
1.5637
1.4966
1.6074
1.2315
1.4854
1.1951
1.7627
1.7882
1.9315
1.5325
1.9746
1.5395
1.4793
2.1707
2.1032
1.9084
1.7132
1.9213
1.8823
1.7736
1.6883
1.6462
1.4181
1.3897
1.4222
1.2926
1.3619
1.3169
1.8904
1.9993
1.8709
1.7515
1.6886
1.2574
1.2514
1.1788
1.5674
1.7975
1.8373
1.6464
1.9562
1.9393
1.8965
1.8839
1.9089
1.9111
2.0194
1.9875
1.6926
1.5459
1.4749
1.3633
1.3127
1.3368
1.2613
1.3311
1.3186
1.3365
1.3625
1.6479
1.9275
1.9799
2.0796
2.0989
1.9537
1.6269
2.0493
1.9976
2.0499
2.0649
2.0106
2.0445
1.9437
2.0346
2.0225
1.9771
1.6807
1.1066
1.0438
1.079
1.1999
1.3223
1.4035
1.3712
1.2967
1.2389
1.3175
1.376
1.4919
1.513
1.683
1.8994
2.0535
2.104
2.0611
1.9566
1.9485
1.9413
1.9741
1.9938
2.0517
2.0859
2.0872
2.0481
1.8395
1.6194
1.3831
1.1738
2.2999
3.6865
3.1884
1.1944
1.0993
1.1802
1.3348
1.3253
1.2317
1.2888
1.3535
1.4045
1.475
1.524
1.8482
2.0877
2.0997
2.0946
2.3479
2.0551
2.0487
2.0429
2.0826
1.97
1.8314
1.8682
1.7759
1.7168
1.6353
6.8871
8.0609
29.637
33.225
1.3431
1.3678
1.46
1.9591
1.9956
1.4137
1.245
1.2326
1.2619
1.3259
1.3715
1.4539
1.7226
2.0252
2.0131
2.1098
2.0497
1.9971
2.0059
1.8879
1.826
1.713
1.8136
1.8539
1.7498
1.7811
2.0632
3.5263
2.9691
13.632
5.8393
2.9017
2.0906
2.549
1.8232
1.5242
1.3329
1.2964
1.3484
1.3536
1.4029
1.3844
1.4384
1.5955
1.9354
1.8782
1.9402
1.891
1.8629
1.9061
1.8508
1.8877
1.8949
1.9709
1.9196
1.8932
1.9126
1.9716
8.2296
3.7331
1.6009
16.502
21.921
22.862
21.998
11.784
3.3433
1.8094
1.7679
1.7677
1.6043
1.4195
1.609
1.5731
1.6361
