0.60333
0.78869
0.58915
0.5632
0.6826
0.70388
3.5957
52.618
72.673
59.309
53.582
64.729
70.365
63.71
62.329
58.212
53.184
54.181
60.054
59.406
56.043
58.612
59.61
63.694
46.507
1.971
11.79
8.7831
0.55969
0.51996
1.2302
0.87505
0.7591
0.93357
44.719
73.345
62.283
65.503
69.025
62.993
65.458
62.027
66.234
65.739
64.85
62.032
62.685
59.483
62.258
60.525
59.258
59.846
61.011
58.849
58.989
59.084
69.392
15.949
0.93811
0.72357
0.97497
0.72757
47.284
70.346
64.023
70.55
62.027
69.061
65.9
64.636
63.74
63.812
63.211
65.104
57.45
58.302
53.983
58.255
60.157
60.499
62.678
66.015
59.155
57.74
62.886
67.683
60.47
62.075
53.36
0.87743
0.87736
60.612
55.67
73.595
63.782
68.004
66.545
66.402
63.47
56.937
47.136
44.318
48.605
46.208
43.7
47.533
44.523
48.962
51.817
50.592
52.652
65.929
58.135
62.537
64.451
63.018
68.89
58.218
52.93
49.571
69.091
57.602
70.932
68.695
64.553
69.715
59.827
48.199
48.042
44.038
43.464
43.615
51.341
44.895
55.771
51.452
46.527
48.315
48.708
48.857
50.552
55.045
64.918
65.965
64.414
64.927
57.923
47.051
37.521
45.397
54.115
58.57
68.42
63.848
64.786
49.229
47.034
41.548
48.104
55.144
64.002
50.876
55.491
49.168
57.675
52.027
55.842
51.199
51.111
53.452
50.279
51.971
67.006
63.619
38.077
59.649
50.393
48.621
45.516
51.289
59.405
61.429
58.373
60.525
63.221
53.29
46.232
54.735
60.705
53.062
46.535
53.832
50.182
60.406
58.281
58.461
56.3
47.76
53.997
53.323
52.827
49.263
59.067
50.253
47.218
45.079
37.942
44.955
45.199
41.645
53.928
55.624
58.038
69.471
76.954
65.29
65.511
54.544
43.342
53.661
59.629
55.188
61.717
59.912
59.512
62.166
57.266
59.502
65.166
67.179
64.196
50.916
57.991
55.091
52.778
46.386
53.167
46.15
45.076
52.129
54.554
59.183
54.352
60.096
61.155
58.926
58.53
48.214
53.018
55.01
59.871
50.525
59.856
57.958
60.047
60.49
58.953
59.266
58.143
63.253
68.369
65.438
60.613
62.344
56.548
47.72
50.185
54.175
56.432
57.821
45.538
48.216
41.913
50.892
53.271
45.925
52.194
39.688
52.515
56.286
57.15
55.193
55.25
53.981
54.778
52.414
51.595
51.352
54.491
63.709
47.367
66.633
63.664
60.413
59.707
45.3
40.73
59.745
62.181
59.204
46.947
50.193
37.404
41.053
39.023
39.65
34.967
52.561
47.546
52.177
52.214
48.061
52.566
49.896
50.108
47.099
43.691
44.86
51.664
49.764
61.479
53.023
58.783
57.625
49.62
53.354
36.801
36.891
52.472
53.072
37.796
40.834
34.418
45.898
45.254
42.841
38.427
44.257
40.415
50.215
48.749
44.428
45.199
44.775
38.591
27.956
30.189
32.051
32.795
45.289
48.735
51.651
57.417
53.518
52.788
49.839
34.438
34.067
42.816
40.714
34.239
38.055
33.616
34.317
31.09
30.404
36.955
39.683
38.921
41.278
42.529
35.161
37.282
37.185
28.571
25.99
27.686
29.62
27.428
34.252
38.982
45.269
45.704
47.217
45.728
40.66
30.898
30.206
44.177
42.238
30.415
33.66
30.516
28.796
27.405
24.204
26.97
35.103
31.438
34.65
33.155
30.376
32.164
27.028
20.089
16.448
16.456
17.999
22.274
26.85
36.324
40.615
43.463
39.929
38.661
34.063
29.709
28.634
35.443
35.164
23.294
29.053
26.116
25.096
24.033
21.362
21.232
28.581
28.352
33.115
27.644
24.208
22.017
17.493
19.966
29.082
20.609
11.936
16.238
22.37
29.653
24.33
31.193
26.69
30.324
30.637
34.207
20.474
30.786
29.062
12.327
8.6761
8.0805
13.09
15.477
19.309
26.919
25.106
19.496
14.844
15.033
11.699
11.92
7.7244
5.5356
2.5297
2.9298
7.6383
8.8306
11.78
10.497
12.898
11.285
11.114
6.9004
8.3655
10.492
11.45
13.978
11.183
4.3042
42.61
44.784
8.8254
24.579
15.869
31.896
62.713
58.648
54.879
57.091
50.574
57.184
59.07
58.35
53.458
58.918
58.382
56.117
53.321
57.727
52.99
57.763
35.604
55.923
44.743
59.249
42.113
2.6477
19.107
53.031
47.863
27.197
42.514
48.851
59.331
55.89
63.188
61.148
55.805
57.734
60.095
60.279
58.133
63.613
54.017
54.109
61.789
54.505
56.597
57.291
60.305
55.211
54.738
59.578
53.288
56.251
49.893
58.151
62.142
23.499
24.349
57.451
54.271
64.506
59.179
56.995
58.455
65.358
59.396
57.676
60.578
60.303
59.679
64.4
62.55
62.738
61.838
57.027
57.657
59.634
58.879
55.722
60.158
52.09
56.389
53.624
58.558
63.316
58.059
59.158
58.468
62.71
60.407
58.879
60.113
59.083
62.258
65.039
61.462
64.941
62.106
62.649
58.489
54.415
54.44
58.109
56.518
55.363
60.167
60.885
62.292
58.953
58.293
59.081
55.517
53.368
65.237
56.214
58.81
62.874
76.969
59.764
61.038
60.103
57.467
61.487
65.209
63.304
57.565
41.51
40.127
46.836
57.738
62.003
63.884
64.137
60.079
58.78
48.033
42.087
44.874
53.385
59.315
60.301
56.568
63.393
56.166
59.447
56.852
59.289
60.69
72.572
61.709
60.666
64.324
55.663
53.062
44.965
53.551
61.836
73.351
74.128
71.766
71.373
72.917
71.22
70.888
60.251
62.564
60.021
60.137
46.137
44.504
56.003
68.793
59.805
57.651
56.657
55.587
57.62
54.747
60.782
68.77
64.203
49.067
46.037
58.254
64.016
67.394
68.064
69.989
68.844
65.858
66.608
68.956
66.726
70.682
66.168
70.101
64.737
56.381
54.454
57.231
61.209
47.259
61.898
56.74
54.737
53.022
54.574
58.499
59.226
60.538
56.12
56.839
61.365
60.868
66.97
70.557
59.283
57.349
64.888
61.382
63.54
61.312
63.042
60.087
59.684
58.814
65.566
57.875
54.933
57.495
61.357
56.839
47.036
59.932
55.595
54.441
56.97
58.089
58.008
48.114
51.387
59.638
63.945
69.112
71.429
56.811
49.583
61.257
58.909
59.578
57.675
54.539
53.714
49.895
58.063
57.789
60.081
51.246
64.22
59.44
55.012
55.094
51.813
42.756
46.425
49.555
50.671
52.462
49.068
48.677
56.223
59.359
67.1
63.958
57.37
58.812
51.353
58.665
59.679
55.817
55.291
53.946
55.771
55.32
58.55
56.931
51.153
60.769
51.353
61.475
53.397
53.294
52.595
43.32
42.32
52.812
51.186
48.005
47.522
43.669
57.526
66.502
60.663
54.589
58.72
57.219
43.724
59.243
56.017
55.517
57.576
57.591
59.227
58.592
56.809
52.241
56.913
47.125
54.478
40.304
57.476
47.991
48.782
46.988
41.885
60.085
53.572
41.316
42.849
49.374
52.79
54.698
44.813
54.714
53.457
57.35
43.989
54.551
53.903
51.728
49.37
46.629
48.22
53.464
53.413
54.799
50.969
49.625
45.48
50.792
56.024
51.14
46.532
52.289
36.728
44.953
45.424
42.191
39.463
51.643
53.12
49.033
45.945
52.063
47.079
52.676
43.38
46.691
46.548
42.25
39.582
40.969
39.159
44.06
47.507
46.896
45.403
45.238
45.137
49.766
52.416
53.574
47.472
45.818
37.522
40.299
39.601
36.428
35.834
45.513
43.913
43.803
43.398
46.125
35.398
44.684
33.277
38.492
34.742
34.794
28.384
25.3
25.167
31.825
34.666
41.49
46.086
43.718
40.31
43.434
42.835
45.008
46.146
43.216
32.224
43.263
35.994
37.074
35.815
39.906
37.79
38.575
36.03
41.489
35.154
37.116
29.688
29.36
23.209
16.073
18.981
14.963
16.842
22.545
27.933
34.983
36.386
37.479
38.596
32.999
37.333
36.467
37.217
39.322
29.049
39.869
34.094
27.858
28.112
38.221
37.481
36.577
31.034
35.857
31.522
28.945
24.194
21.729
15.056
13.949
13.623
23.617
22.111
14.158
18.549
25.334
26.873
28.877
32.27
27.222
39.087
34.312
30.141
29.79
22.422
31.329
28.211
56.627
58.477
37.241
59.152
57.161
35.345
55.373
53.023
51.46
54.772
53.026
59.73
55.484
55.836
52.137
56.195
53.585
52.833
55.269
59.404
54.946
53.644
62.278
45.313
56.632
49.103
57.881
54.734
58.335
53.34
59.176
55.99
54.547
65.308
58.081
53.24
60.121
57.966
57.818
52.312
62.655
60.337
60.526
61.822
56.151
55.903
59.279
55.874
61.472
58.85
64.329
61.54
58.089
59.292
59.322
59.078
51.894
50.962
62.467
70.378
54.609
59.107
57.916
53.32
64.264
55.373
57.748
61.218
60.175
54.032
49.313
47.62
47.585
47.288
48.756
59.517
46.63
46.42
46.81
48.797
47.631
50.932
60.62
60.246
60.19
65.143
55.95
52.273
67.949
59.715
69.234
57.958
56.967
53.871
52.034
59.821
58.713
50.775
46.573
46.46
50.992
54.949
60.201
62.977
62.922
61.892
62.332
62.386
62.109
56.145
51.799
49.717
47.139
47.991
50.848
59.36
62.272
71.515
50.468
56.359
59.854
72.049
59.811
57.262
61.243
49.941
51.051
50.432
56.436
53.645
60.186
57.315
59.884
58.524
59.687
55.453
60.36
58.275
61.329
64.348
65.84
63.342
60.389
54.221
51.834
52.683
53.468
57.154
61.448
49.912
56.736
58.596
67.449
56.074
46.181
48.577
60.513
63.626
60.4
53.433
56.755
61.111
59.913
62.499
59.619
60.936
56.246
59.088
56.964
67.747
62.287
58.771
58.945
62.439
61.726
48.53
44.516
55.873
59.936
55.202
56.399
53.738
46.628
41.49
54.397
63.864
60.176
58.181
57.211
54.333
57.994
54.092
41.101
50.811
53.056
51.273
46.254
37.534
44.582
68.249
62.034
66.318
59.508
60.642
65.474
62.848
54.092
39.23
43.691
54.637
56.856
53.755
42.28
46.106
60.015
67.408
58.303
60.749
54.842
39.424
55.556
57.362
60.733
63.852
62.635
62.093
58.724
54.48
48.503
57.464
66.907
40.815
57.806
63.914
60.507
59.095
58.263
48.781
41.921
52.05
54.175
47.053
41.842
56.033
57.664
59.384
60.687
50.165
39.012
65.848
67.234
63.438
63.386
54.873
56.814
59.905
56.413
56.544
47.779
59.848
73.112
71.708
44.376
58.429
58.133
56.205
55.539
57.337
45.547
45.986
41.372
39.594
44.791
59.682
54.895
54.071
48.903
55.098
49.922
58.324
58.932
60.538
60.682
52.704
52.847
54.097
55.769
58.327
59.513
60.542
69.3
64.777
54.604
44.325
55.391
55.383
54.479
51.32
50.715
48.784
31.691
33.347
50.034
50.618
51.224
50.637
43.857
58.691
47.15
57.378
58.338
46.607
51.33
53.318
52.956
52.481
53.238
55.396
55.445
58.443
64.506
64.027
45.323
44.299
44.749
49.459
49.376
52.886
57.968
48.493
37.385
29.243
55.373
53.198
51.395
47.44
52.407
47.651
42.684
52.914
48.483
48.386
46.458
46.469
48.97
49.03
49.751
50.847
47.207
51.92
56.22
58.86
45.547
39.235
34.288
50.688
55.914
55.066
55.961
35.405
35.671
33.833
42.594
49.473
49.774
40.357
46.257
45.903
41.134
40.347
43.682
44.832
44.088
35.212
33.942
34.286
37.199
44.165
43.412
44.891
48.98
51.488
40.604
43.255
41.767
48.98
44.008
42.404
40.038
40.504
23.221
28.218
41.685
40.571
39.045
37.226
41.808
42.874
37.065
34.585
40.28
40.663
32.501
29.613
22.6
22.383
22.858
31.012
38.511
38.452
40.501
43.601
40.939
43.308
37.355
43.195
44.182
42.858
41.293
32.71
28.697
26.572
36.085
36.931
34.097
33.293
35.407
34.314
35.81
29.393
33.634
31.454
25.175
17.167
12.614
14.981
9.6611
21.562
26.088
32.663
34.201
40.19
38.839
37.807
28.123
35.846
31.187
34.092
33.423
30.516
17.765
18.71
31.713
32.648
31.704
30.408
31.882
27.794
27.762
21.039
23.27
20.338
13.755
15.918
16.507
13.591
9.7483
11.361
15.39
21.387
24.86
26.851
29.291
29.057
24.395
26.797
26.475
27.742
21.661
54.855
49.484
34.783
44.042
41.168
42.039
57.339
37.821
48.006
30.404
6.4517
34.698
51.621
46.902
43.474
41.233
30.112
33.617
50.226
48.27
48.571
48.131
14.713
7.7388
42.885
52.977
53.712
53.097
60.057
47.605
49.456
50.535
49.51
49.243
46.593
51.363
46.827
40.12
47.747
51.865
46.107
33.824
38.612
53.104
56.502
51.1
52.879
54.422
51.764
54.625
49.648
44.456
49.099
49.193
49.411
57.753
50.253
52.21
54.108
51.541
68.493
51.914
48.194
51.908
48.584
39.21
46.749
43.436
37.433
51.5
59.38
60.667
58.079
55.829
64.002
63.594
64.543
64.011
61.303
57.283
56.18
60.214
60.208
58.861
46.439
49.183
51.831
48.464
52.795
65.262
48.517
66.61
54.672
35.069
47.95
38.939
45.393
60.285
52.602
60.937
62.56
59.715
62.12
61.02
62.521
59.617
61.623
59.027
60.084
62.36
55.142
62.539
64.013
52.911
59.159
59.27
47.271
37.346
65.859
39.994
56.128
49.012
52.166
54.342
45.189
58.648
55.511
61.033
51.519
64.48
61.086
59.794
60.53
59.38
57.811
59.041
57.886
57.388
57.815
58.577
63.245
60.209
63.838
61.171
59.314
61.525
62.286
63.34
39.593
54.536
38.194
45.235
45.387
71.544
59.822
60.813
60.993
59.677
50.581
59.999
60.93
59.436
50.155
42.001
37.68
51.319
47.089
37.995
36.785
46.671
58.082
60.219
63.851
63.941
59.219
65.792
68.708
59.921
56.329
35.651
49.434
44.247
53.066
57.625
70.284
62.745
60.361
57.612
49.112
46.237
43.697
61.139
60.59
61.984
64.265
62.605
64.965
64.443
65.764
64.908
67.726
48.604
47.986
61.907
60.015
65.734
60.833
59.875
58.748
60.214
44.966
42.599
51.783
57.344
58.182
63.489
63.012
43.34
46.79
57.607
60.726
62.256
62.026
59.444
59.33
59.042
60.678
59.56
59
59.893
61.897
61.938
65.666
39.504
62.034
54.548
58.504
58.688
60.34
53.018
33.927
57.592
58.625
55.2
58.424
56.545
43.384
31.957
62.399
61.796
60.86
56.931
45.579
48.638
48.429
49.892
53.233
54.093
52.594
52.869
57.89
60.965
62.887
63.074
43.6
59.627
56.923
60.12
58.29
56.879
46.321
49.118
52.331
53.684
52.064
47.033
42.094
40.373
58.649
57.196
51.875
51.408
49.18
51.261
50.755
51.21
51.372
52.324
51.454
50.95
57.043
51.042
58.61
58.122
59.056
36.157
57.035
53.972
52.727
53.468
50.962
45.971
47.358
49.589
52.507
37.281
56.764
45.957
54.899
48.17
45.011
51.668
51.001
51.454
52.613
51.538
53.158
52.715
54.856
53.927
51.349
52.218
44.877
53.136
53.597
51.786
47.291
53.229
57.438
57.085
52.526
54.223
52.093
51.652
48.919
31.816
49.969
46.34
43.112
43.504
52.367
47.629
53.028
45.917
45.608
46.545
46.686
48.187
52.151
50.683
52.694
47.961
43.655
47.708
46.832
50.549
30.901
56.767
51.507
50.255
37.402
39.473
41.46
47.095
43.318
41.107
40.669
45.741
42.296
43.843
43.976
45.633
40.944
42.287
39.464
35.527
33.83
36.832
38.969
44.648
45.825
45.016
45.737
42.716
49.799
47.032
34.208
44.291
41.485
40.764
33.575
35.922
36.147
38.757
36.595
26.817
27.784
38.946
39.532
41.389
37.432
36.833
33.961
29.85
24.764
20.818
23.152
26.677
29.682
37.601
42.637
40.473
41.282
40.449
43.923
40.306
35.34
45.257
43.164
40.757
34.71
32.077
31.344
31.76
34.535
21.107
22.838
34.866
35.428
35.993
32.433
30.034
29.818
21.206
15.11
18.431
21.04
19.164
21.092
27.696
34.321
34.759
37.584
35.515
36.718
35.173
27.276
37.412
36.972
32.99
16.06
18.777
16.412
24.35
27.854
16.646
24.976
25.741
25.812
21.364
20.299
18.401
17.928
11.188
11.785
13.842
11.259
10.845
12.962
19.074
22.357
26.348
28.739
25.572
27.728
27.513
29.174
30.31
30.454
32.557
51.898
11.387
21.002
54.792
18.847
15.549
50.097
52.823
54.929
49.378
57.388
45.899
61.263
53.58
54.955
53.198
52.379
53.298
57.741
56.282
54.689
55.977
55.435
51.003
53.677
57.54
47.993
45.839
3.8107
14.803
23.48
51.809
50.977
34.849
52.013
48.276
55.691
58.405
59.755
62.744
55.853
60.717
64.927
61.404
58.693
60.613
55.641
56.312
66.68
57.718
57.833
63.405
59.701
56.184
56.13
62.614
52.314
48.216
52.406
49.319
49.15
28.955
52.79
50.972
55.458
41.367
61.84
57.167
58.672
62.273
61.239
61.049
65.812
55.09
62.997
65.343
63.51
62.976
60.686
58.349
64.431
66.424
59.475
59.361
66.266
54.612
55.569
54.182
59.528
75.033
38.162
67.88
59.95
53.522
59.089
54.78
66.282
64.959
60.841
58.116
64.193
56.948
60.231
56.344
45.792
53.882
43.851
58.857
53.993
54.992
65.132
61.407
63.337
64.264
64.508
60.908
56.161
58.738
72.808
63.434
55.055
54.535
68.597
62.562
48.655
58.196
58.921
65.582
57.055
50.882
52.485
43.566
56.09
59.575
58.893
59.888
61.969
59.798
63.423
55.476
52.875
47.642
52.801
60.077
60.678
58.18
62.681
67.919
63.575
52.266
50.581
55.15
52.522
65.607
43.426
60.867
60.988
47.262
52.366
58.854
56.455
56.492
53.849
55.342
55.43
56.969
55.915
56.282
56.934
61.672
59.734
64.547
63.437
44.622
50.961
60.852
71.453
54.198
53.955
58.502
55.954
55.423
55.64
56.779
43.063
54.7
46.123
60.57
53.745
56.229
55.01
54.566
54.549
52.478
52.744
54.894
52.838
55.479
56.447
62.089
57.617
54.466
57.969
58.245
55.887
50.433
54.336
61.555
56.002
55.91
53.405
57.433
57.302
54.283
50.637
47.857
61.068
58.174
53.483
53.797
52.289
48.847
65.414
64.834
65.149
65.099
66.526
69.062
66.167
53.451
51.186
57.266
59.14
63.083
59.839
50.853
50.186
60.282
57.7
58.983
53.88
51.771
53.323
36.256
50.201
57.612
55.839
59.368
52.822
48.78
63.689
61.007
55.231
51.988
53.632
55.978
52.398
56.312
59.078
68.094
66.201
50.613
61.999
58.959
58.644
57.564
45.92
47.88
55.937
43.664
44.687
47.653
49.972
43.041
50.513
52.973
53.189
51.816
47.76
58.271
53.815
56.597
60.311
60.701
55.359
56.019
55.522
51.366
52.933
55.682
60.712
66.049
54.275
57.518
55.422
52.785
51.523
44.56
48.415
53.803
53.91
49.918
47.938
39.216
48.902
49.578
48.014
34.078
51.749
50.467
55.761
55.675
52.744
52.239
50.696
50.444
51.722
50.656
52.9
58.49
51.26
56.667
54.141
36.827
54.073
49.07
51.973
42.856
41.704
57.49
37.228
36.363
24.768
38.946
48.238
44.262
43.647
45.837
48.459
49.69
51.334
52.249
50.07
47.878
42.454
44.909
45.847
48.215
47.501
49.849
51.441
45.782
50.535
49.355
51.318
53.728
53.662
46.94
40.2
57.613
41.67
31.589
34.14
39.978
44.512
45.531
43.866
45.571
45.332
46.522
40.792
44.228
39.634
38.828
31.193
29.564
31.292
36.298
36.011
43.389
47.374
45.108
48.161
49.37
47.122
50.32
46.302
38.561
39.888
39.585
33.367
15.076
30.462
29.051
37.233
36.405
36.571
40.213
35.66
38.892
36
37.18
31.466
21.553
15.359
21.409
25.074
28.606
28.684
37.121
41.545
40.092
42.599
44.478
40.877
43.246
43.517
35.323
28.564
35.539
16.659
15.742
27.093
23.414
33.171
31.679
32.019
31.856
30.716
28.842
29.319
28.329
23.327
11.797
18.139
20.359
21.763
22.859
23.426
28.397
31.793
33.106
34.986
38.132
36.888
36
38.989
30.231
28.232
25.86
12.444
9.5173
9.6338
9.6627
24.052
24.349
22.011
15.886
16.573
13.833
16.739
15.261
13.373
10.708
13.219
13.174
13.078
8.883
12.174
15.789
20.721
21.782
26.456
24.907
28.186
30.537
30.049
25.671
22.008
18.237
