1.8962
1.9246
2.0093
3.9227
2.0322
2.2523
2.0328
2.0566
6.0493
2.0767
2.1132
2.0847
2.105
2.062
2.0016
2.0626
2.0122
2.0036
1.9699
1.9834
2.0461
2.0088
1.9673
1.975
1.9353
1.9376
1.9039
1.9371
2.0265
1.9291
1.9493
1.9066
1.9839
3.1086
2.0082
2.0355
2.3139
2.0588
2.1256
2.0747
2.0742
2.1094
2.0726
2.0888
2.0474
2.2759
1.9823
1.9757
1.9306
1.9963
1.9496
2.014
1.9547
1.9183
1.9247
1.9257
1.9072
1.9512
1.945
1.9335
15.278
1.9312
2.1931
3.7136
2.0282
2.0781
2.2296
5.2189
2.4444
2.0679
2.1311
8.9201
15.536
2.0956
2.0597
2.3786
1.9747
1.9398
1.8989
1.9406
1.9381
1.8783
1.9097
1.9347
1.889
1.8836
1.8976
1.9167
1.8667
1.9407
13.132
1.8634
1.9638
2.5813
2.9693
3.2131
2.0322
2.1356
2.1145
2.1011
9.9551
26.596
27.166
38.32
5.207
2.5074
2.0288
1.9526
2.0233
1.9239
1.9362
1.9063
1.9553
1.8598
1.912
1.8796
1.8795
1.9156
1.889
1.9684
1.8548
1.8607
1.9129
1.9543
6.6052
2.0209
2.0921
2.0504
2.0493
2.6114
9.5612
10.641
14.66
18.606
15.985
2.4339
10.734
1.9634
1.9645
1.9327
1.9636
1.9203
1.8968
1.9135
1.8492
1.9121
1.8747
1.8846
1.9127
1.9067
1.8217
1.8277
1.8939
2.079
3.4028
2.009
2.0326
2.0504
2.0673
4.3804
4.5814
6.0796
7.1242
10.147
6.2457
2.1156
2.6376
2.0036
6.9591
8.8832
9.3678
2.4362
1.9085
1.9333
1.9202
1.9069
1.8892
1.8957
1.8789
1.9722
1.737
1.8205
3.0841
1.9647
4.3919
2.1279
2.0696
2.0357
2.0767
4.6953
7.0609
3.3217
2.935
2.7193
3.3566
2.0823
2.811
4.2823
20.663
34.157
13.292
11.729
1.8944
1.933
1.9503
1.9326
1.9161
1.9642
1.9341
1.9631
1.8788
1.7871
1.9144
1.8864
2.0374
1.9349
2.0811
2.0512
2.2399
19.803
14.304
9.3466
2.5475
2.4784
4.0923
2.0558
2.0839
16.297
13.841
12.185
9.7649
11.91
2.0597
1.9089
1.9404
1.9288
1.9711
1.9663
2.0039
1.9132
3.0259
3.1451
1.8429
3.3851
2.4657
1.9669
2.0201
2.0651
15.019
14.586
16.523
18.509
13.188
2.9258
2.0796
2.0286
2.2954
23.362
14.434
3.7629
3.5039
9.4765
2.1153
1.9828
2.0212
2.0038
2.0903
1.9717
1.9605
1.991
1.7207
1.7696
1.7802
8.7054
4.0591
1.9456
2.0329
9.9682
22.854
5.7171
7.5614
11.081
23.098
11.607
2.1
2.0777
2.4968
8.5358
2.6727
9.13
2.8553
4.6332
2.4038
1.9581
1.972
2.0209
1.9543
1.9946
2.008
2.0269
1.6445
1.7624
2.3018
3.2066
2.5312
2.0584
9.5263
27.65
6.6846
6.9888
10.222
7.7317
19.131
20.808
2.102
2.1281
2.1156
1.9954
2.0879
8.3287
6.0185
4.1946
3.597
2.0263
2.0522
2.0378
1.9309
1.9423
2.007
2.0338
1.6705
1.6918
2.3255
2.4655
3.0666
1.8907
15.446
14.592
8.8263
14.575
15.746
10.599
8.1061
25.41
3.0527
2.1799
2.1877
2.2908
1.8381
5.9056
6.9862
3.3049
3.7965
2.0642
3.0921
4.1189
5.3061
6.8811
3.7211
2.0428
1.6168
1.7201
1.7371
2.108
2.7106
1.871
16.112
6.4365
9.6327
12.015
8.2283
12.883
5.0141
21.848
9.2904
2.1394
2.2604
9.1803
6.1276
4.1609
8.4987
19.081
10.16
2.0487
3.7623
3.4573
1.9741
4.3479
4.2408
2.4924
1.6422
1.6216
1.7126
1.792
2.7992
6.556
17.62
2.3506
5.1398
8.8322
2.032
9.1389
5.3385
15.396
22.229
2.1569
13.314
21.227
7.79
11.594
18.084
15.603
18.01
11.632
2.8435
3.017
2.1291
2.1663
2.5284
2.589
1.5738
1.5979
1.7282
1.7189
1.813
11.318
9.8329
1.64
2.8812
5.9333
5.4288
8.5418
2.9029
8.6142
19.264
4.8891
16.064
24.814
26.317
14.162
19.747
16.052
7.2581
11.774
2.5843
2.751
2.8556
2.0779
2.9619
1.9944
1.5377
1.6177
1.6842
1.7126
1.788
7.2926
11.499
1.7981
4.5843
7.1381
9.311
5.6121
6.6561
11.456
16.163
15.509
11.184
15.849
11.845
31.518
12.046
8.1513
9.2579
2.1046
2.182
3.4016
2.9845
2.481
3.399
2.8984
1.9598
1.9867
1.9716
2.051
5.1581
3.116
2.0728
3.8527
2.0922
2.3881
2.9469
2.1012
2.1136
2.0955
2.0688
2.074
2.0833
2.033
2.0106
2.0233
1.9955
1.9973
1.9463
1.9781
1.8759
1.8771
1.9784
2.0042
2.0033
1.9707
1.8745
1.9359
1.9415
2.0228
2.3699
2.0534
2.1398
2.1223
4.3013
2.1127
2.5076
2.109
2.1484
2.0916
2.029
2.0653
2.033
2.0259
2.0384
2.01
1.9839
1.9554
1.9378
1.8871
1.8463
1.9014
1.9705
2.0176
1.9734
1.9824
1.9455
1.9442
1.9968
3.3575
2.5084
1.9946
2.051
2.0893
6.028
2.068
2.0741
19.565
24.793
23.709
5.5957
2.006
1.9723
1.9912
1.9822
1.9746
1.9556
1.9695
1.9308
1.8413
1.8351
1.991
1.9458
2.0184
1.9752
1.986
1.9752
1.9312
1.9819
1.9978
2.3647
2.0526
2.259
2.1923
2.131
2.1074
13.245
22.903
20.439
29.888
30.499
3.7274
2.063
1.9911
2.0296
1.9553
1.9302
1.9294
1.8145
1.8369
1.8393
1.9477
1.9523
2.0722
1.9583
1.97
2.0041
1.9916
2.8939
2.6308
2.0314
2.6992
2.0714
2.0899
2.3059
2.9963
7.8708
5.3481
10.839
15.635
15.756
10.058
2.0343
1.9992
2.0181
1.9221
1.939
1.8963
1.8371
1.8433
1.8803
1.9482
1.9466
1.9458
1.9835
1.9768
1.8244
1.8828
1.9594
1.9405
2.0128
2.0482
3.4592
2.0589
2.5011
5.913
5.2382
6.8474
5.0693
9.3342
4.7969
3.2079
2.0219
2.008
1.99
3.3775
7.6958
7.8227
7.5078
2.5842
1.9341
2.0095
1.9503
1.9437
2.0102
2.0016
1.8042
3.9794
4.8749
4.7611
2.9312
2.2058
2.7176
2.208
2.1763
6.9385
7.1908
3.7919
3.0819
2.4222
2.9031
2.8136
2.0276
2.0672
2.1685
7.8411
27.156
26.082
10.36
10.885
1.9442
1.9855
1.9503
1.9801
1.9973
1.9905
1.8027
1.8916
2.7574
3.4964
1.974
1.9806
2.0498
2.0495
2.3466
9.7683
13.55
8.7865
3.0398
2.0649
3.0863
3.4098
2.0542
2.0207
9.2957
15.83
21.948
11.258
12.909
9.9161
3.0012
2.0132
1.9965
1.9873
2.0031
2.0192
1.7908
1.8225
1.8634
2.4561
2.0943
2.0027
2.1313
2.2547
14.258
20.481
13.593
14.377
10.448
1.9305
3.4479
2.0861
2.1078
2.0619
18.161
14.988
5.1345
5.5963
7.1908
12.525
3.0868
2.0124
2.0122
2.0317
2.0431
2.0144
1.7665
1.7866
1.8292
3.6959
1.8902
1.9815
2.0181
22.671
23.251
4.7205
5.6483
9.8552
17.799
13.655
2.8237
2.1602
6.6157
2.1054
18.525
10.456
3.5752
3.3379
3.2804
5.313
2.4565
2.109
2.064
2.0775
2.0434
2.0629
3.1083
1.7428
1.7832
1.8421
1.8431
1.9309
15.412
23.578
11.514
5.5039
7.8612
6.6141
12.277
17.989
5.7
2.9121
2.185
2.126
6.6387
1.9683
5.6428
10.471
3.4171
3.6832
2.4633
2.1559
2.0536
2.0857
2.0396
2.0878
8.3435
1.7369
1.7475
1.8408
2.2957
1.9009
23.472
15.269
8.3682
10.411
10.554
9.6058
7.6975
19.84
8.0331
4.0213
2.1755
2.1654
2.8596
3.2966
3.1181
8.5208
6.1238
3.6873
3.5898
2.1186
2.1006
2.4004
7.3926
7.4416
2.6323
1.6756
1.7138
1.8107
1.842
11.505
18.042
8.3842
17.747
19.67
19.512
13.347
7.1463
13.591
19.997
2.8327
2.1636
2.1222
2.2072
2.1784
3.8488
7.1222
5.8729
3.87
3.7095
2.1879
7.8339
8.5479
8.1754
8.1058
1.8566
1.6476
1.7399
1.7568
2.0473
18.679
22.903
9.9165
18.811
17.432
5.2962
13.441
7.4822
7.1509
21.602
2.1566
2.2115
2.1744
9.9957
9.934
5.0516
5.3233
13.459
17.968
9.4495
5.1455
9.184
8.5045
8.9109
9.144
4.0919
1.633
1.6891
1.7114
1.989
19.06
11.742
1.8121
7.4508
17.28
2.1745
11.855
2.3889
7.0873
19.536
10.665
2.1239
11.969
17.273
5.1494
10.877
13.645
19.037
15.133
19.019
12.721
5.239
5.5844
6.0878
6.0135
1.5701
1.5892
1.644
1.6885
5.597
19.923
7.0054
1.6268
5.4238
11.723
2.8541
6.1744
6.0219
4.2981
17.015
10.84
6.5588
20.58
23.131
23.714
17.378
17.929
21.135
15.602
12.122
14.9
2.1251
3.5935
4.0564
10.997
2.1255
2.006
1.9879
2.3555
2.0632
2.0778
2.0181
2.0949
2.1015
2.139
2.0361
2.0153
2.0591
2.0359
2.8005
2.0232
2.0014
1.9654
1.9535
1.922
1.9954
1.9153
1.9014
1.8894
1.9242
1.9327
1.968
1.8765
1.8542
1.949
3.5647
1.9679
2.1082
1.9993
2.0243
2.0581
2.151
2.0772
2.0909
2.089
2.0057
2.0673
3.7544
2.0566
2.0279
1.9788
1.9662
1.8932
1.8851
1.9424
1.8668
1.895
1.8455
1.871
1.8642
1.8599
1.8614
1.8954
1.9015
1.8681
2.0095
1.9868
1.9778
2.8302
2.0435
2.1116
2.1209
2.0802
2.0419
2.0897
6.8201
22.54
20.941
18.545
7.9317
1.9637
1.8921
1.9184
1.8544
1.8573
1.805
1.7991
1.8027
1.8201
1.8082
1.8407
1.8678
1.8169
1.8487
1.8873
1.9409
1.9533
2.0055
1.978
2.1835
2.2493
2.0814
2.1294
2.102
5.5411
16.681
22.337
20.669
21.167
23.201
4.3366
1.8626
1.8633
1.8592
1.8427
1.8156
1.8083
1.8252
1.8217
1.7766
1.8366
1.8031
1.8191
1.7979
1.8717
1.9012
1.9329
4.125
1.9722
2.0463
2.1246
2.6144
2.2161
2.0712
7.7821
9.5512
5.327
12.078
16.925
18.372
10.69
3.0875
1.7882
1.8329
1.8282
1.7961
1.7617
1.7698
1.7917
1.8128
1.8023
1.8274
1.8286
1.8703
1.8592
1.8633
1.9621
2.0689
2.038
2.3807
2.2334
2.0501
2.0247
2.2494
8.6662
3.9415
7.7817
4.6861
11.91
6.8885
6.7367
2.8403
1.8694
1.8047
1.8431
1.8946
2.4367
11.264
3.8937
1.8897
1.8495
1.8397
1.8222
1.883
1.868
1.9585
9.6242
4.5373
3.6242
6.86
8.7591
2.0733
2.1268
3.6165
8.0604
5.6226
5.4132
3.2945
2.0515
2.5391
2.7172
1.9351
2.1915
1.8122
1.785
6.8467
13.014
15.313
10.105
7.6758
4.8881
1.8416
1.8257
1.8878
1.8877
2.5757
12.196
2.926
2.1099
3.7115
2.3744
2.0736
2.0831
8.232
16.873
5.6445
3.3935
2.9857
1.9673
2.075
2.267
1.8906
6.1533
6.1625
2.4422
9.6404
33.487
39.882
12.305
11.584
10.023
1.8403
1.8909
1.916
1.8939
1.8248
9.6815
4.5673
3.2877
2.5227
2.1441
2.1203
2.2934
11.91
13.038
17.889
4.7985
4.3211
1.7038
2.8713
5.8382
1.8962
5.0922
5.6095
8.7369
15.922
9.8616
10.251
6.8478
10.291
10.881
1.9048
1.9732
1.9169
1.9201
4.1405
1.9124
3.9223
3.7796
2.0031
2.0351
2.1272
15.539
17.685
12.869
12.945
17.29
13.574
1.951
4.1296
1.9989
1.9846
1.9044
12.515
8.673
11.447
10.111
4.469
3.9368
9.4823
12.169
2.068
1.9681
1.9552
1.9949
1.755
1.9863
6.8151
12.973
1.9432
2.1852
16.757
22.623
5.4989
4.34
6.818
10.165
16.461
11.936
4.341
2.051
1.9775
1.9859
10.064
16.222
9.0692
7.0776
3.3511
3.509
3.9784
4.9412
2.0828
1.9763
1.9569
2.4566
1.7751
1.7664
2.4856
1.9517
1.9174
18.177
29.647
16.233
8.1587
6.953
8.4458
7.4742
16.329
18.274
4.2869
2.0483
2.0114
1.9862
2.0455
12.809
1.5062
2.4858
7.2588
6.6249
3.955
4.4907
2.7832
1.9878
2.0553
13.51
4.3698
1.7499
1.9111
1.8742
9.0096
23.399
13.547
8.3236
12.177
11.168
11.475
9.76
9.064
31.501
7.5689
2.0454
2.0794
2.0738
2.0594
6.388
4.0161
1.711
7.9024
5.7767
3.6428
4.0325
3.3384
2.01
4.4287
40.934
1.7793
1.7304
2.6807
1.8629
21.228
26.435
13.15
15.347
17.876
23.111
23.828
20.168
10.876
11.842
43.339
49.745
41.193
6.2186
2.0977
7.1988
7.0646
3.3881
6.3007
10.595
6.8893
3.1715
4.3816
2.0383
15.036
34.55
1.6843
1.7492
3.2656
10.287
22.279
8.9952
11.115
17.449
24.279
26.388
23.001
16.174
12.898
12.113
33.58
54.98
53.729
27.935
16.594
2.6453
3.6366
4.9285
4.161
5.6188
9.4867
7.1308
4.4175
2.0695
13.762
30.758
1.6503
14.94
1.786
8.2055
30.974
15.172
10.98
16.671
19.538
9.9002
26.706
16.253
13.481
9.7275
34.504
60.495
44.98
26.388
42.526
16.816
13.296
5.1911
5.4667
11.596
18.408
16.289
10.96
2.3441
10.502
25.597
1.9169
6.7325
2.0209
3.8803
2.0794
2.0226
3.2155
2.0513
2.076
2.0946
2.098
2.295
2.0705
2.0684
2.0227
2.0996
2.0185
2.0237
1.9963
1.9968
1.9399
1.8813
1.9021
1.9775
1.934
1.9415
1.9142
1.9704
1.9716
2.0162
1.9269
3.7073
2.1069
2.3543
2.0103
2.2703
2.3623
2.1399
2.0911
8.1041
16.986
17.836
10.5
2.0353
1.9889
2.0058
1.9931
1.9839
1.9683
1.9134
1.9179
1.9474
1.9112
1.9078
1.9717
1.8881
2.1833
1.938
1.9279
1.945
2.4231
2.134
9.9479
2.2406
1.9965
3.3575
2.1235
2.2392
15.296
32.055
37.802
26.776
30.246
16.883
1.9682
1.9705
2.565
3.5168
1.9276
1.947
1.8885
1.8203
1.8932
1.8848
1.8694
1.839
1.893
1.9425
1.9134
1.9268
10.671
1.9357
2.3589
1.9922
2.0396
9.9341
2.0942
9.2783
17.709
19.359
21.659
24.892
23.278
33.671
11.474
2.268
1.9265
2.0714
1.9213
1.8559
1.8383
1.8442
1.8729
1.8687
1.8698
1.8479
1.8769
1.9208
1.9068
1.9114
2.6897
1.9203
1.9481
2.0036
2.4918
15.134
2.1113
9.7061
11.302
6.9492
8.8082
17.999
19.305
25.288
15.77
5.2135
1.9468
7.4098
1.8695
1.9346
1.9525
1.8492
1.9177
1.867
1.8455
1.8489
1.8633
2.3934
1.9818
1.8944
3.4977
2.2084
1.916
2.8847
2.1081
7.0124
8.0724
9.5716
7.9099
8.5303
8.5151
9.7041
16.515
12.597
12.729
5.9455
1.9296
2.066
1.859
1.8773
1.9146
1.8994
1.9584
2.1637
1.9184
1.899
1.8731
1.9077
1.9645
1.9734
7.1483
1.8883
1.9247
1.9375
2.5547
3.7011
9.0305
10.819
6.4375
8.1256
5.8184
4.678
2.263
2.7276
2.8879
2.6241
1.9357
1.8982
1.9183
1.9283
4.9892
12.812
9.1656
11.539
9.4747
8.7648
1.901
1.9363
6.3951
5.7751
2.1045
1.8531
2.6013
1.9761
13.075
24.8
8.228
9.5538
6.5718
3.9347
4.3198
3.6635
2.5919
2.8757
3.2778
2.2297
1.9489
1.9804
1.9715
3.8909
13.898
26.206
42.316
21.627
7.7882
8.9982
5.6141
2.029
22.364
24.282
2.7026
9.093
5.9417
64.198
35.635
15.631
12.144
20.843
15.393
6.6508
3.3415
2.6304
2.2273
2.6378
2.5956
2.0501
2.0006
2.0051
1.9494
12.428
14.182
21.817
27.661
13.875
10.933
9.1712
6.2184
1.9717
2.255
24.541
1.7294
3.2737
1.8615
1.8628
7.5328
13.5
27.632
17.446
22.855
19.973
5.9383
4.1243
2.0707
3.0565
4.0306
2.0457
2.0123
1.9958
2.2377
29.445
14.868
7.7216
9.2404
6.0197
5.7474
9.715
8.1103
2.0093
2.0022
2.0491
12.458
5.6008
1.8207
1.8499
16.486
23.421
22.755
15.592
13.62
17.985
20.862
5.8551
2.097
1.8842
2.4099
2.1149
2.0224
2.0712
13.682
29.258
16.915
8.5547
4.2551
5.2254
3.5425
8.243
11.429
2.0525
2.0227
2.0466
3.0999
4.2217
26.063
27.616
39.297
20.238
6.1395
5.2004
6.3334
8.763
16.946
17.638
6.026
3.7143
2.1797
2.095
9.093
5.9051
28.973
14.777
15.766
3.3834
2.9651
3.8708
3.8713
5.4654
4.7324
2.0787
2.0188
2.0554
2.5651
1.9977
5.5484
28.618
36.131
16.18
6.5946
6.3589
9.9416
8.9338
14.23
17.338
12.587
3.6536
34.323
40.102
37.987
35.162
4.6627
21.103
1.6903
2.8648
5.7532
9.054
2.1959
4.6706
4.3948
2.8933
2.0916
2.0501
2.4345
10.382
24.537
29.282
12.743
9.6603
8.5237
7.1935
9.041
8.5723
9.1977
15.267
26.286
63.296
65.3
54.117
25.39
43.769
3.7955
6.2178
1.5911
1.7952
9.145
9.4159
4.421
3.4064
4.1639
2.7229
2.0942
2.5033
2.6025
25.521
30.684
21.739
7.2067
10.782
16.453
13.416
14.885
20.172
13.717
13.283
26.326
48.741
35.286
26.822
25.572
38.848
2.1164
6.6407
6.0186
2.005
5.0763
10.034
7.3056
4.7389
3.4351
4.2038
2.2719
8.3748
15.279
29.299
24.608
17.138
10.193
21.789
14.4
22.146
27.346
24.823
10.075
11.586
15.398
25.4
38.403
32.661
35.687
17.937
2.1359
2.2412
2.938
4.8006
4.0829
9.4002
8.9479
3.612
3.6925
4.5679
5.8399
8.8424
1.9927
2.0045
3.1261
2.4002
2.0156
2.2216
2.16
2.0889
2.1199
2.1553
2.7307
2.4622
2.1122
2.232
2.5165
2.0761
2.1925
2.0807
1.9778
1.9591
1.953
1.993
2.0211
2.0464
2.0164
1.964
2.0267
1.9659
1.9362
1.968
1.9717
2.5789
2.0721
7.8887
2.0118
2.2579
2.0869
2.0697
2.5111
11.462
18.25
13.678
13.717
6.6465
2.1026
3.8185
4.9517
1.9558
1.98
1.9838
1.9962
1.9862
1.9768
1.9186
1.9635
1.9365
1.9221
1.9366
1.9529
1.9251
5.0537
5.2922
1.9869
2.0227
2.2336
2.1403
3.0681
8.7545
16.412
42.274
36.788
22.442
22.827
22.135
3.6434
2.0636
2.0242
1.9393
1.9552
1.9131
2.0149
1.8986
1.9784
1.9258
1.8525
1.9218
1.9528
1.9371
1.8931
1.937
2.1277
1.92
1.9187
3.0283
2.0509
1.9893
3.3102
13.349
15.253
20.352
18.877
15.238
18.969
39.346
19.628
1.9991
1.921
1.988
1.9311
1.9203
1.8704
1.9047
1.9588
1.8595
1.8832
1.9689
1.8595
1.8742
1.9045
1.9357
6.4241
1.9181
1.9155
2.6476
2.052
5.2236
5.4688
9.8728
8.0958
6.518
9.1092
14.26
16.642
22.685
21.546
10.452
1.9538
1.9317
1.8797
1.917
1.9023
1.9476
1.845
1.8261
1.8895
1.9455
1.9149
1.9346
1.8893
1.8729
6.0634
1.8688
1.9251
1.9526
2.0334
2.7283
7.5878
6.8355
4.1951
6.0958
9.462
11.821
16.36
18.684
16.023
13.515
2.8177
1.9434
1.9531
1.8789
1.9817
1.8951
1.8489
2.0094
2.0589
1.9004
1.9497
1.8896
1.946
1.9338
2.5214
1.8728
1.9963
1.9548
1.9803
6.4036
9.9639
4.4783
5.5346
5.8355
4.644
7.2462
10.564
5.2338
3.6352
5.2967
2.6083
1.9829
1.964
1.9959
4.1075
6.1846
5.9502
7.4716
6.0333
2.7832
2.1984
1.9356
1.9804
1.9373
4.6035
1.8475
1.8653
1.9112
2.0117
17.639
28.318
4.9162
5.6643
4.9479
4.5873
4.2651
2.0018
3.6469
4.7537
5.1758
1.9919
2.0021
1.9959
5.6982
14.981
14.87
24.575
17.588
9.8211
9.3229
5.8829
1.913
2.0093
1.9603
1.7407
1.8039
1.8427
1.8974
1.9173
19.08
22.369
12.283
2.922
2.49
3.2486
2.7157
2.1221
3.6787
6.1471
2.9246
2.058
2.0407
3.1242
7.7451
14.662
28.871
38.055
21.43
10.727
14.242
9.5126
2.7809
1.9574
1.9581
1.7428
2.9402
8.8226
1.888
2.0564
7.5687
14.999
17.654
10.74
2.9096
2.4392
1.8405
1.7879
4.7334
5.6753
2.101
2.045
2.0598
27.702
21.71
12.08
13.016
11.222
8.2056
8.9992
11.031
8.9825
5.643
1.9607
2.0027
1.7589
1.771
1.9083
4.548
4.5433
14.753
16.962
12.45
18.634
3.766
1.9023
1.5089
3.3203
6.898
8.3228
3.6857
2.1173
2.1446
31.188
10.737
10.807
4.4382
9.0716
5.8186
7.5748
12.089
14.653
10.956
2.0716
2.0693
7.1359
1.7175
5.2248
10.953
6.5011
4.3071
7.1768
13.297
12.506
14.332
12.123
1.9609
5.8067
7.5446
3.1658
2.1245
2.082
6.4106
44.53
28.884
21.137
4.0779
3.4956
3.7595
3.5765
4.9091
12.23
2.9426
2.1619
4.4684
1.7718
14.98
16.836
9.0112
2.7361
2.5474
4.3512
7.1461
7.6487
8.4293
15.808
14.618
8.0586
4.9974
2.1356
2.0914
2.1524
28.93
25.347
14.554
3.5363
2.256
3.7486
3.001
2.9573
4.228
4.5409
4.6625
5.757
8.2719
3.0104
7.3529
8.6083
7.3571
2.7869
8.1002
9.301
5.4908
6.9398
12.161
29.501
25.279
4.8496
2.1061
2.1069
2.0697
2.1532
2.2612
29.153
4.001
1.8134
2.5875
11.143
11.105
3.4705
3.8978
9.8702
7.1223
7.7691
4.9375
13.17
5.0869
4.133
4.5982
3.7305
3.87
4.0705
4.0085
6.9733
8.0905
11.928
38.592
8.6442
2.5999
2.1345
2.1177
2.1881
2.1839
12.437
2.4239
1.5564
1.8409
11.125
7.3324
5.3609
4.8124
4.689
7.2333
7.4373
8.6192
8.3365
3.6642
2.8995
5.1616
6.4669
5.5955
6.2008
11.703
9.9365
11.069
9.7617
25.585
8.4252
3.0498
2.1306
2.1224
2.1785
2.2169
10.447
7.2183
4.3878
1.6219
7.0302
6.3356
7.5536
4.8985
6.6491
5.0679
7.1171
7.0598
