8.2759
4.1542
4.5946
6.5658
4.7858
4.8174
6.562
7.2086
4.3144
3.4831
4.0749
4.0324
3.9067
5.143
12.864
12.706
6.0772
3.5715
3.1774
5.188
5.8229
5.0134
4.0902
4.5492
4.3305
3.3715
3.1541
3.5912
4.6719
2.8323
9.0701
3.6284
6.1657
6.8208
5.1043
5.9709
8.6877
6.8322
5.0972
3.8437
6.1447
3.9624
5.4279
8.8744
9.9688
7.1086
5.7117
4.3127
3.9602
4.2192
6.028
5.3384
5.6209
4.6571
5.4048
4.2105
3.1591
4.3402
5.1286
3.7836
3.1193
5.1512
7.0212
4.6968
4.3995
5.2266
8.0845
5.4337
4.292
5.6714
5.8823
5.1864
5.9549
5.42
6.4012
5.3364
5.1795
4.8091
4.2114
4.8517
4.3486
4.2467
6.3804
11.491
9.4905
4.8207
4.9053
1.8386
4.6736
6.0438
4.8105
8.3532
4.7573
4.1025
6.5408
4.6663
9.452
8.4206
5.8568
3.4509
4.4691
6.0359
5.2524
4.0696
5.0226
5.2839
6.5739
5.1631
4.1683
4.6918
3.9667
5.9102
8.4903
13.603
17.143
3.9061
5.203
4.9542
3.0446
5.5304
5.6405
6.6024
6.2227
7.5334
7.3435
5.065
9.1387
7.8445
5.0514
4.7196
5.1386
6.0995
6.4893
4.302
4.6092
5.4673
4.2879
4.2228
4.2985
4.0831
5.3665
5.3255
8.9178
17.739
6.2778
4.3993
5.8634
5.6278
5.6584
3.7286
3.8894
5.0049
7.1237
6.8577
6.5881
4.795
10.946
7.9691
5.3613
6.0701
6.073
4.8046
5.679
4.4453
5.3008
4.8383
4.0074
4.9336
4.5696
4.1154
5.505
5.4775
14.686
5.965
5.2764
3.5215
5.513
7.0331
4.5725
4.4847
4.1847
6.1938
6.6599
7.74
8.2823
7.2022
9.1853
9.3047
8.4827
5.7602
7.9768
5.6782
5.7654
5.0176
5.5217
6.3005
4.5678
4.2608
6.5677
6.4951
6.7321
4.8302
6.9833
5.443
5.2968
5.5068
5.4437
6.6486
5.5332
3.7285
5.3484
5.8073
8.5834
8.4238
7.5654
9.3565
6.6248
8.2921
10.09
11.281
12.635
7.9814
4.4607
5.5662
6.4138
5.9641
4.5766
6.1714
5.3505
10.846
17.7
6.9577
6.4263
5.8304
4.4683
7.0563
5.0776
6.7175
8.1862
6.0508
5.104
8.7445
12.754
10.862
7.1035
8.5251
7.7897
9.8399
10.274
18.169
15.106
7.8888
5.5061
5.0625
8.8416
7.6357
5.5994
7.2398
7.2513
13.783
9.5351
7.7994
7.3451
5.4827
4.4578
4.3374
3.7373
5.3057
18.352
10.708
6.0042
13.134
20.879
5.9932
5.4664
7.5624
8.1565
11.8
11.704
16.804
12.632
9.3804
11.621
9.2797
15.388
20.982
10.663
8.322
7.5581
6.091
7.7346
9.0611
6.3224
5.9518
6.3545
3.8947
3.5533
10.406
14.324
6.8599
7.1339
8.6559
18.068
8.7278
4.0875
6.8932
9.6781
10.735
14.037
13.534
12.797
10.985
11.866
10.392
16.905
15.062
7.0969
8.8264
8.8443
7.3142
8.0416
7.3873
6.4699
6.5798
5.2477
3.9639
4.3752
6.7439
9.46
3.9796
3.5035
4.5996
10.199
7.4615
7.6797
5.3442
6.2593
14.051
14.104
13.293
11.481
10.121
10.409
8.6603
10.925
14.488
9.2378
7.0603
6.0315
6.513
7.2253
7.9924
11.044
8.5794
4.1226
4.0913
4.0777
4.3342
1.9163
1.8966
1.5951
1.5459
1.4672
6.5757
5.7912
5.589
7.4051
13.178
18.991
19.882
15.284
9.9884
9.0075
8.1893
17.731
22.122
19.072
6.3762
7.0483
8.1149
9.4594
14.389
10.971
11.827
9.8502
4.1258
3.5678
3.9526
3.1166
1.9658
1.6083
1.6128
2.7716
4.7013
4.0622
4.811
5.7999
16.98
18.468
4.8355
13.32
7.8501
5.9985
6.908
15.917
21.094
15.135
5.6397
4.561
5.5032
5.4616
5.3816
21.657
18.155
17.674
7.5037
3.5175
3.0396
3.3183
2.1903
2.0006
1.6906
4.0487
3.5168
3.938
4.1343
7.7122
13.767
16.464
1.2328
5.9598
3.59
2.9095
6.1611
10.981
7.4652
10.614
5.7815
3.0236
4.0393
2.1239
1.1163
13.16
11.864
14.059
9.5901
3.3352
2.7262
2.9076
2.9525
3.1977
3.3271
4.6796
3.3231
3.6711
5.1177
10.021
10.64
8.2882
2.8906
4.2509
3.5482
2.9713
9.0565
22.937
13.931
14.071
7.4805
3.3681
3.501
4.0481
1.6413
5.7717
2.9819
8.5031
8.8409
8.8388
1.945
2.2194
2.808
2.2927
3.6271
4.8261
5.0578
3.7849
4.2556
6.9023
5.3415
4.0573
3.3009
4.9043
3.5693
5.13
6.4562
7.0768
5.3384
5.0481
3.6365
2.7283
3.0573
3.9635
3.8199
4.1371
3.485
4.7462
3.7893
1.9619
3.017
3.6082
3.2167
3.5645
6.037
6.2423
4.8507
4.7494
5.4198
8.0261
6.441
3.9492
5.5806
6.4853
5.249
5.9002
5.7176
6.9878
5.7768
5.0914
5.096
4.0517
4.405
5.1927
4.645
5.7856
11.589
9.4592
4.4533
5.2111
3.2877
2.8281
6.1947
5.6942
8.1201
4.2786
5.2531
6.0557
4.6358
10.08
7.8483
5.5321
3.9572
4.774
5.7109
5.6627
4.293
5.0803
5.2174
6.8457
5.123
4.5435
4.6944
3.9388
5.8244
8.0751
13.341
19.616
4.0566
4.5952
4.7801
3.1152
4.2248
6.3058
7.1479
5.8953
8.465
6.4261
5.2508
10.695
8.069
5.2071
4.5371
5.2224
6.5331
6.514
4.5089
4.4929
5.7215
5.9154
4.6911
4.2747
4.5582
4.9702
5.4632
8.1139
18.029
10.878
4.3098
6.1644
5.9016
5.8374
3.8055
4.4593
5.5929
7.4257
7.1645
5.9313
5.417
11.158
7.8486
4.3278
6.2413
6.2924
4.58
5.951
4.0356
5.5721
5.1555
3.9649
4.9935
4.1939
4.0012
5.5061
6.1523
14.661
7.3157
5.5724
3.7902
4.5714
6.7888
5.0614
4.7796
4.2698
6.6081
7.0334
8.0239
7.9589
7.0352
9.5645
9.3901
7.899
6.2054
7.1955
5.7453
5.8865
5.1042
5.4347
6.017
4.6904
4.0297
6.3693
6.0634
6.4526
4.6915
7.3089
6.4359
5.7027
5.4451
5.966
7.0778
6.1557
3.9938
5.4764
6.1664
8.0787
8.4484
7.9581
9.2455
7.3348
8.7557
10.212
9.9398
8.9794
7.9504
4.6523
5.6028
5.8964
5.8769
4.7992
6.1515
5.6348
8.268
17.479
6.5058
6.3679
6.1412
4.6204
7.4556
5.245
6.4854
8.8581
6.1322
5.4583
8.9155
13.378
10.576
8.2001
8.9051
7.2647
9.7062
10.769
19.493
17.704
7.7694
4.8793
5.1646
9.3759
7.5062
5.6904
6.4161
7.4676
15.432
12.034
7.8329
7.7086
5.3332
4.6973
4.6529
4.2522
6.0867
15.718
9.905
5.7687
12.668
17.178
7.3457
6.2826
8.2294
8.7922
11.095
11.078
17.033
12.935
10.032
11.761
8.6951
15.488
21.037
10.064
9.8068
8.3985
6.1096
10.947
9.3992
6.4285
6.3992
6.0586
3.7612
3.7352
8.5063
19.681
12.584
7.8699
12.236
24.785
8.6635
4.3205
7.0137
10.193
11.805
14.199
15.049
13.623
10.736
11.901
11.498
17.834
15.623
8.2603
8.7158
8.832
7.9589
8.3679
7.7393
6.4287
6.6478
5.8011
4.1784
4.2711
9.4336
9.9716
4.3076
5.6253
4.1822
11.423
8.7983
7.7975
5.736
6.3479
13.452
15.657
13.953
12.06
10.593
9.8431
9.2417
10.554
14.785
8.6764
7.3819
6.5845
6.5768
7.3886
6.8244
8.1135
7.8445
4.189
3.8829
4.3562
4.4222
1.831
1.966
1.5714
1.5331
1.4944
6.5591
6.7006
5.5865
6.4659
14.535
18.946
20.266
15.227
10.661
10.58
8.6918
17.371
21.098
18.102
7.0619
6.6208
7.837
10.108
14.707
13.052
10.424
8.9805
4.261
3.8202
4.4322
2.505
1.958
1.5986
1.5427
2.1762
5.1289
4.5537
5.3474
6.9862
14.861
18.746
8.3015
15.377
9.1365
6.8245
7.0553
17.567
23.898
16.208
5.6667
5.7269
6.6648
6.251
5.9523
22.741
16.588
15.561
6.6954
3.7446
3.1651
3.2743
2.008
2.2034
1.5365
4.0042
3.6645
4.0182
4.3275
6.0217
13.874
17.786
3.7036
6.6707
4.1917
2.9038
6.3407
10.791
9.3601
11.265
5.6795
3.0511
4.1687
2.1538
3.7157
13.871
12.357
17.585
5.2255
3.3133
2.883
3.3058
2.6224
3.3575
2.7195
5.103
3.7861
3.8251
4.3655
10.356
10.29
9.5396
3.6496
3.6985
3.9264
2.9171
8.3805
22.889
13.78
14.49
6.811
3.3508
3.7084
3.9023
3.7423
7.5766
3.5692
11.047
7.6237
9.2747
2.3381
2.6348
2.9544
3.4299
4.8051
5.2165
3.3287
3.8816
4.7934
6.5518
7.3081
7.8693
2.9692
5.0371
3.4218
3.0117
8.3009
21.207
14.527
10.084
7.4547
3.8428
3.7086
6.5148
1.1968
5.4669
7.5993
4.2321
10.061
2.3313
2.9075
2.1895
2.9284
2.8296
5.2986
4.1155
2.3416
3.8692
5.3503
5.7646
4.6474
3.6513
4.0842
4.7417
4.0493
4.0915
2.865
3.4332
2.8991
3.4565
4.1176
3.0569
2.9478
3.9068
3.6061
3.7766
8.679
8.8299
3.4586
3.2953
3.3666
0.69046
2.5524
5.7467
7.4498
3.3807
6.1881
4.347
6.0588
9.263
6.7533
4.6828
3.9451
4.6199
5.3725
5.6135
4.177
4.8314
4.8412
5.4141
4.4994
4.4333
4.2937
3.9962
5.4537
6.4455
12.221
19.131
3.7456
3.9738
5.2786
3.0845
0.82257
7.3297
5.0598
5.4749
8.2715
6.0255
4.7987
10.406
6.5435
4.9336
4.2751
5.2346
6.3608
6.0447
4.1256
4.11
5.5154
6.2637
4.7283
3.7683
4.6183
4.6513
5.3119
6.3267
16.349
14.863
3.7616
5.065
5.9447
5.6671
3.8081
4.1743
5.5973
7.1357
6.5655
5.8021
5.7209
10.868
7.612
3.9797
6.2143
5.8464
4.4641
5.6222
3.9286
5.3911
4.9597
3.5809
4.4779
4.2557
3.7909
5.0011
6.0354
13.045
10.402
5.7108
4.3901
4.4215
5.5302
5.1188
4.8743
4.1363
6.4675
7.1239
7.6903
7.0912
6.7903
9.8579
8.4932
6.1602
6.2938
5.9378
5.5879
5.7241
4.8836
5.0036
5.6308
4.3189
4.0623
5.7755
5.1575
5.8408
4.7339
6.2998
6.9087
5.6377
4.8105
5.5472
6.404
5.9391
3.6106
5.4344
6.0166
7.7041
7.918
7.5536
8.7022
7.364
9.2604
9.4076
5.3941
8.646
6.7311
4.7471
5.2394
5.9681
5.5904
4.6928
5.5911
5.4058
7.4927
11.378
5.5846
6.5283
5.9461
4.8157
7.1039
4.9499
5.8197
8.4315
4.8459
5.4363
8.158
13.184
9.3283
8.2742
8.526
6.1129
9.4847
10.46
17.625
16.427
7.998
4.4729
5.2086
8.3257
6.9173
5.1356
5.9808
5.9784
14.427
17.302
7.5504
7.1684
5.4293
4.1711
5.2838
4.4125
6.2905
12.345
8.3224
5.5928
9.3449
12.157
9.3791
6.3338
8.2546
8.5425
10.36
10.278
16.985
12.108
9.4924
9.3465
4.8814
14.722
20.047
8.788
8.7413
8.4231
6.9336
9.9002
8.6412
6.988
6.0575
5.3215
3.5765
3.5283
7.9106
19.127
12.676
7.5316
13.429
24.918
7.6793
4.8
7.1051
9.9745
11.376
12.458
15.45
13.203
10.356
12.651
9.6834
16.994
15.415
9.0854
9.134
8.1808
7.4587
8.4603
7.5135
6.3915
5.9793
6.0486
4.0996
3.6626
8.8973
10.112
4.3161
6.5389
4.2419
11.482
9.1827
7.0278
5.9207
7.7541
10.169
15.285
12.645
11.963
9.0803
10.113
11.104
12.826
13.139
8.7396
7.8404
6.7057
6.8746
7.0651
7.1204
7.4217
7.4654
4.075
3.8062
4.5709
5.1464
5.0864
3.3239
1.576
1.4918
1.5403
5.6041
7.0418
5.0138
6.3344
14.761
18.867
18.645
13.866
10.874
10.941
8.585
13.73
18.649
15.45
7.0423
6.4184
7.3819
9.8173
14.119
12.578
10.409
6.4469
4.1183
3.8486
4.3283
2.0098
1.94
1.5709
1.4914
1.5123
5.1222
4.8348
5.358
6.0549
13.872
15.756
13.776
15.285
9.6419
7.0029
7.2642
18.236
23.805
17.936
5.5341
6.2606
6.8501
8.106
5.6933
21.921
12.899
13.295
5.6773
3.5455
3.5683
2.9715
2.0128
2.247
1.5844
3.5125
4.0455
3.8628
4.1877
4.625
13.057
17.802
6.0798
7.2327
5.0049
2.8177
6.068
10.204
11.526
11.201
5.2178
2.9812
4.2358
2.0429
5.4766
13.571
12.965
17.405
4.6492
3.3432
2.8742
3.3891
2.1576
3.4147
3.0518
4.9102
3.95
3.7679
4.2094
9.1258
9.5945
11.879
4.8496
1.3249
4.551
2.9359
7.8793
21.686
12.217
14.245
5.8053
3.2992
3.8555
3.2352
4.29
7.4817
6.1841
12.728
6.9205
8.9479
2.5953
3.042
2.8084
3.7172
4.1348
5.5833
3.4454
3.8149
4.3919
6.7905
7.0802
7.9585
4.2012
4.4394
3.3251
2.8593
7.5275
21.208
13.164
10.031
6.807
3.6725
3.6418
5.2666
2.4618
5.5072
7.0416
5.7637
9.9506
4.3061
3.0768
2.6313
2.8306
1.6945
4.2877
5.2971
3.1908
3.5076
4.6471
5.6221
7.8881
5.9655
5.4052
15.968
3.7511
6.6191
7.6892
11.713
10.282
7.4125
7.2962
4.2403
6.6814
7.8013
14.209
4.3518
5.8427
5.2264
8.0594
2.3044
2.2563
1.6196
2.1675
5.6785
4.3964
2.0108
5.411
2.9863
5.3385
7.5262
5.5786
3.3809
1.9386
3.492
4.1709
2.812
3.4403
3.7827
4.2714
2.6051
3.785
3.4381
3.1798
2.6381
4.1222
4.107
10.556
14.263
3.5031
3.0052
3.5411
2.8602
0.76307
7.9118
3.2576
4.8994
8.3657
4.7204
7.1072
9.154
6.1685
4.6647
4.4162
5.152
5.9803
5.7857
3.8187
4.1549
5.1576
6.3978
4.9777
3.7104
4.5703
4.7401
5.0472
5.2025
12.836
18.897
3.6721
3.9165
6.0681
5.1927
4.1252
4.239
5.6321
7.0547
7.6468
5.7149
5.7008
9.9373
6.3757
3.6038
6.0189
5.3594
4.8496
5.4009
4.0762
4.9251
5.1316
3.6086
3.8999
4.1032
3.8685
4.6624
5.8959
9.7914
14.244
10.436
4.4668
4.1778
5.1742
3.975
4.8193
4.2765
6.4684
6.6714
7.6631
5.3051
7.2782
9.7185
7.7525
4.8874
6.4339
5.6808
5.2512
5.6862
4.8296
5.1309
5.1465
4.0129
4.136
5.221
4.9332
4.9144
5.1114
9.764
9.7091
5.2147
4.608
4.9009
5.3632
6.5955
3.7202
5.3981
6.0602
7.131
7.2584
7.8042
8.3308
7.7005
9.608
8.2535
5.2677
7.9223
5.8818
4.6761
4.973
5.5547
5.6751
4.2781
5.0324
5.1625
6.524
8.3262
4.5987
6.7993
5.4671
5.1319
5.451
5.6669
5.5514
5.6788
4.7095
5.3331
6.6339
12.191
7.3203
8.2688
8.1163
5.756
8.7532
9.9725
16.129
14.069
7.6787
4.3371
5.1209
6.9589
6.2228
5.1412
5.8671
5.1426
13.262
17.6
7.1918
6.8489
5.4607
4.2814
5.9929
4.6642
6.0247
8.4761
7.1029
5.4556
10.121
11.493
10.11
6.5351
7.7658
8.223
9.335
10.088
16.485
13.057
8.0953
6.2641
4.6519
12.359
17.676
5.4783
6.9894
7.7217
10.314
9.0034
7.9374
7.143
5.3081
4.9742
3.7945
3.9153
4.7601
18.562
13.768
7.2799
14.374
24.372
7.682
4.9068
7.1336
8.1545
11.319
11.581
16.037
12.518
10.453
11.92
8.9283
18.023
17.3
10.547
8.173
8.1662
6.8227
8.3316
7.8554
6.181
5.8511
6.3336
4.0411
3.4072
9.8889
10.18
6.7497
7.0233
5.5641
12.688
8.0557
5.5111
6.2607
8.5262
10.124
13.21
12.434
11.71
9.8084
11.684
10.823
13.388
13.511
7.7917
9.1562
7.0452
6.5941
7.5309
7.2763
7.3384
6.8108
4.0744
3.6839
4.6235
5.2076
8.4624
3.9583
3.0985
1.5274
5.4215
6.7005
7.9584
4.981
6.1874
13.349
18.075
14.187
12.106
10.477
11.036
8.4544
12.816
17.38
12.242
6.7558
6.298
7.015
7.3313
12.286
12.216
9.8868
3.9704
3.8957
3.8251
4.0866
1.9986
1.9696
1.5571
1.4848
1.3728
5.3017
4.9779
5.1738
5.8209
11.319
15.173
17.839
16.028
10.177
8.3736
6.9375
18.183
22.427
18.227
5.9941
6.7424
7.2298
9.0125
10.459
19.384
11.592
10.773
4.1267
3.4583
3.8575
2.4949
1.9812
2.0667
1.508
2.4237
4.3886
3.9835
4.3952
4.8226
13.683
19.862
5.7426
8.4748
5.8106
2.977
5.9279
10.57
15.267
11.25
4.8727
2.9571
4.7104
2.6505
7.2486
16.074
12.025
17.113
4.5949
3.4629
2.8941
3.4429
2.0524
3.2749
2.7428
4.6621
3.8367
3.8276
4.0766
8.0557
9.4979
12.753
5.8133
1.2252
4.7345
2.9195
7.3546
18.323
11.139
13.719
5.3138
3.1827
4.3519
1.2108
3.9907
9.6341
7.6726
13.094
5.8181
6.6876
2.6396
3.4183
2.7838
4.1705
4.1594
5.102
4.0561
3.7079
4.0527
6.3018
7.1784
8.5519
4.4955
2.5407
3.9807
2.8352
6.6524
22.687
12.734
10.905
5.8183
3.5462
4.0371
3.6877
3.6406
5.117
5.6023
7.6017
10.566
7.2162
2.9764
2.8662
3.0644
1.8598
3.7669
6.2303
3.0799
3.4807
4.3716
5.4084
7.9867
5.9969
3.7872
7.0158
3.5717
4.0337
7.2517
13.378
10.514
7.9647
6.9335
4.3959
4.2803
8.4507
10.57
4.6943
6.9364
3.1705
7.8519
2.033
2.7189
2.011
2.209
1.9222
3.4292
2.6709
3.1447
3.59
6.9225
13.525
7.2933
3.7713
11.335
18.42
11.563
11.13
4.8751
4.7213
5.9303
4.6664
18.53
12.443
12.498
15.409
23.122
10.05
13.717
11.682
6.7815
1.5335
0.38334
0.93098
1.5907
5.0584
3.2625
4.9195
5.9845
3.6504
6.5308
6.771
4.8797
3.5868
4.1567
3.7155
4.5338
5.0657
2.8158
2.3937
3.378
3.2109
3.8092
2.8481
3.6657
4.0689
3.4761
4.0249
8.9351
14.846
3.4725
2.9454
4.9279
3.9707
4.1183
4.3281
6.5219
6.7941
8.6371
5.4845
6.6875
9.8478
6.0242
3.9581
6.3621
5.1789
5.6657
5.9915
4.0838
5.0487
5.9377
3.5956
3.8463
4.0734
4.0433
4.7012
6.1624
5.1725
13.46
13.248
4.926
4.3663
4.8961
4.2805
4.9687
4.7404
6.8633
7.0482
7.3824
4.8335
8.8244
11.184
7.812
4.5233
6.9801
5.9128
4.8343
5.5668
4.8727
5.3902
4.4696
4.2347
4.256
4.576
6.1247
4.977
5.5053
10.72
13.796
5.4162
4.5573
4.2579
6.0416
6.9762
4.0322
6.0565
6.4707
7.8348
8.223
7.5389
8.8492
9.1122
10.501
7.7579
6.1418
7.66
6.1443
4.9555
5.3891
5.4809
6.4012
4.5416
4.9051
5.4449
5.649
8.7138
4.6142
7.3645
5.5832
5.2004
5.8795
5.2839
5.3521
6.5489
5.1386
5.8126
7.4485
8.856
7.8133
9.8073
7.6594
6.4132
9.3811
10.139
15.215
14.36
8.0534
4.7683
4.6591
7.0995
5.9669
4.8121
5.8324
5.0208
9.9783
19.071
9.9111
6.8896
5.9845
5.0689
5.7663
6.6991
5.9862
8.4566
8.0595
6.0603
11.396
12.924
10.102
7.2166
9.0018
8.0986
9.7576
11.168
18.343
15.606
7.9094
6.0665
4.9996
8.921
13.085
6.0127
7.1248
6.724
13.913
9.5307
7.644
8.151
5.6139
5.1963
3.9126
4.4915
5.0841
17.007
16.67
8.0913
17.061
21.878
6.928
6.4618
6.9869
9.1438
12.176
11.532
17.694
12.763
9.6979
12.151
9.7273
16.518
22.087
11.283
8.5258
7.9783
6.4827
7.6341
9.2499
6.6036
6.0636
6.441
4.3585
3.5443
9.9465
14.932
8.2661
8.3509
10.702
18.473
9.408
4.5654
7.262
9.7535
10.481
13.832
13.722
12.975
11.633
12.652
10.946
18.326
16.422
7.4205
9.4208
9.1478
7.3154
8.364
7.4127
7.1211
6.3967
5.0052
4.0414
4.6694
6.4537
9.8396
4.3716
4.7841
1.5341
11.337
8.2305
9.1632
5.6079
6.6458
13.519
16.063
13.286
11.822
10.372
10.854
9.2452
11.331
16.999
9.8207
7.182
5.9102
6.9965
7.6184
9.4062
12.965
8.793
4.2584
3.9365
3.9678
4.4598
1.9473
1.9558
1.5615
1.515
1.5423
5.9995
6.1961
5.4278
6.4887
12.776
18.227
20.891
17.26
11.392
9.28
7.4644
18.646
23.176
19.316
6.5688
7.4569
8.1321
10.75
12.974
18.673
11.43
8.9423
4.2326
3.7013
4.2478
2.2871
1.9237
1.6976
1.4929
2.0835
4.5893
4.5742
4.868
5.4935
13.986
22.191
6.3244
12.126
7.0357
4.7325
6.5502
14.077
19.252
13.733
5.3496
3.6307
5.7347
3.8761
7.5094
18.984
14.895
18.996
4.1765
3.5263
3.0701
3.149
1.9555
3.3514
2.6486
4.2919
4.5018
4.0857
4.4804
6.5209
12.382
14.31
6.3183
1.5801
5.6993
2.9928
7.0212
15.018
10.545
12.816
5.2767
3.1643
4.6171
1.2706
7.2435
13.628
8.8741
14.105
5.5896
2.6682
2.8237
3.4983
2.4326
4.5835
4.5668
5.26
4.3793
3.9456
4.4469
8.1741
6.8716
9.822
6.0719
1.3275
4.9154
2.8884
6.638
24.36
13.529
13.083
5.4982
3.6389
4.6194
2.7977
4.3886
5.1327
3.6338
10.838
10.746
7.4922
2.5656
3.2341
3.3049
2.1834
3.2917
6.6896
5.1743
3.6851
4.3139
6.1319
8.0993
6.8208
4.4868
6.4253
4.1789
3.5653
7.7707
15.794
11.458
8.6116
6.9325
4.0842
4.6192
7.9041
3.468
5.7611
7.6049
4.8039
6.0005
2.2061
2.8024
2.1619
2.2607
3.0905
3.428
3.0479
3.1624
3.8512
4.1056
11.055
4.6121
4.1276
8.9085
19.394
9.199
11.274
5.1564
5.4042
5.6402
5.4265
20.069
12.746
11.838
18.489
22.59
11.417
13.641
11.749
8.3418
0.69102
0.89242
1.3703
1.8269
6.3398
3.9598
3.424
5.1805
3.7958
5.9026
16.343
16.888
13.887
12.775
11.86
12.371
10.997
5.7187
6.8663
15.074
9.0304
18.361
8.3752
15.758
17.72
14.856
17.038
10.807
15.101
18.777
8.2071
1.5546
1.0291
0.88073
