1.1629
1.9246
1.5849
1.3967
1.0072
2.7084
1.5343
4.3008
2.0178
1.8142
2.0769
1.2127
1.0883
1.1308
1.1642
1.0222
0.87989
0.70768
0.6658
0.61245
0.54247
0.48692
0.45283
0.41228
0.523
0.59549
0.38172
0.32609
0.29451
0.27725
1.4297
2.131
1.8051
1.7691
1.3407
2.3411
1.8201
5.8609
2.7804
2.4518
1.9447
1.6689
1.3269
1.3334
1.0953
1.0434
1.0941
1.0067
0.97182
0.95736
1.6004
2.4775
2.271
2.3204
2.0972
0.81918
0.5072
0.44907
0.406
0.3871
1.7078
2.0433
1.702
1.8526
1.3693
2.2701
1.8673
6.3543
2.4819
2.1015
1.6016
1.8326
1.5384
1.6842
1.5981
1.0196
1.0042
0.90722
0.87302
1.4264
1.8677
2.2011
2.0933
6.9023
6.8717
0.725
0.54508
0.50913
0.46332
0.44062
1.5369
2.1226
1.5947
1.8747
1.3806
2.1224
1.9209
6.2039
2.1822
2.033
2.2164
10.24
1.8986
1.6809
2.2073
3.911
4.727
3.6661
0.95103
1.1396
1.6836
1.3825
1.6271
10.991
10.405
7.8418
3.9321
0.67764
0.72798
0.49821
2.0912
2.4413
2.7222
1.8913
1.4072
2.1168
3.0259
5.5994
2.1195
2.2498
2.717
25.48
3.3891
2.945
10.393
9.319
3.6812
6.2397
2.9354
2.3914
3.4497
4.0088
2.438
5.9395
20.121
18.319
3.9538
1.0013
3.304
1.7508
2.9428
3.4608
4.7105
1.7025
4.4106
3.4496
2.7139
5.7291
2.2662
1.7565
2.4936
2.3994
6.9998
3.5158
9.575
6.4499
2.7734
3.0486
5.6204
6.1758
3.1114
6.0716
4.636
13.085
16.854
7.9583
1.723
2.2435
5.1418
8.516
7.75
7.3578
5.6444
6.886
8.193
4.746
2.3991
6.0553
2.2724
3.8857
4.4961
6.9958
8.2348
1.7096
2.2912
3.0175
2.4492
3.7314
6.4291
2.8657
5.1369
5.9256
27.781
31.364
13.637
10.796
4.9028
4.8792
5.3328
9.4967
7.3088
10.997
7.0789
7.6133
7.6233
9.9774
3.357
9.5358
9.3158
16.616
13.643
13.511
6.5235
1.8258
3.176
5.2948
7.2597
6.5584
7.7734
5.1238
7.0081
3.7351
21.678
25.309
3.1817
14.608
6.5752
3.703
3.7041
3.482
3.1777
5.403
3.7669
3.489
2.6309
6.5353
10.381
9.6376
14.827
17.09
24.364
14.388
9.5237
7.6389
14.288
9.2411
8.3654
8.6498
9.2162
6.908
4.4796
3.0801
13.597
14.072
4.3278
5.5885
4.8535
3.7487
3.8628
3.5684
1.6483
1.6115
1.5626
1.7781
1.5047
2.2438
11.993
5.1624
8.032
10.548
17.169
8.589
13.415
9.2355
11.202
9.0405
12.13
13.324
6.3252
7.2261
2.9939
3.475
7.7113
8.1947
3.4428
5.6355
4.9519
4.3017
3.4995
3.6817
1.6737
1.7057
1.4866
1.7246
9.5659
9.1294
3.5668
2.6625
4.067
4.9293
7.0808
3.5844
6.1722
10.18
12.624
29.344
10.977
22.794
4.6813
7.8545
2.0131
2.7454
2.5621
3.0889
3.4521
3.6391
3.3725
2.7164
1.8061
2.6686
1.7276
2.0514
2.055
2.5584
7.4868
4.0812
2.6953
2.617
2.2708
2.3809
2.7745
3.3062
3.3961
5.9095
9.6062
9.4409
7.4025
2.8988
5.3688
12.453
1.9786
2.1272
2.2154
2.959
3.3053
3.8528
6.8985
7.1405
4.4219
2.3477
1.6251
2.0352
2.1275
1.2841
3.2434
1.6081
2.771
2.5742
2.1272
1.2709
1.0574
1.3566
1.8728
4.3584
5.3281
7.9819
8.0498
4.5634
5.4897
6.4704
5.0556
4.2486
2.6754
2.6033
3.0086
2.2342
7.9224
9.065
6.3712
2.5065
1.7404
1.6685
1.2794
1.3819
1.2424
1.7932
1.5519
1.985
1.9352
1.554
1.6682
1.7577
1.7112
1.4504
3.9054
6.3098
4.7194
6.1629
5.7057
5.4667
3.7961
3.4416
2.61
2.3896
2.6514
1.8438
3.0758
5.3493
3.0507
2.7675
1.7186
1.6884
1.2627
1.1498
1.3572
1.6631
1.7534
1.7396
1.7121
1.6007
1.2075
1.7926
1.368
2.617
12.917
6.0956
4.324
3.8676
5.1947
3.2051
2.7814
1.951
1.7149
1.7493
2.0579
1.9314
2.8377
3.9341
2.4153
2.3036
1.741
1.898
1.6062
1.6739
1.5959
1.8679
1.7158
2.0468
1.8515
1.6853
1.4645
1.5507
1.6191
2.1459
11.535
8.3235
3.5935
4.2033
5.0354
2.1123
1.9914
1.7809
1.7206
1.8117
1.5264
1.7735
1.3814
2.4104
1.8142
1.9416
1.5505
1.3807
1.2108
3.6084
1.613
1.8067
1.5094
2.5816
2.7079
4.337
3.8217
3.5096
2.4204
1.2588
1.0572
0.95868
0.99133
1.0086
0.98126
0.89277
0.75835
0.62409
0.55444
0.46339
0.42086
0.40676
0.44879
0.59397
0.42176
0.28418
2.2371
1.6918
1.7033
3.5737
2.2339
2.1195
1.8238
3.6293
2.9167
6.0724
5.2154
3.4166
1.8701
2.0104
1.4527
1.4329
1.2656
1.0403
1.0094
0.96458
0.91608
1.007
1.7385
2.4394
2.2493
2.4185
2.6646
1.0183
0.49915
0.43445
4.4737
3.2098
2.8857
2.9764
2.1377
2.3452
1.9843
4.3814
2.3963
6.7342
5.8224
2.652
1.7307
2.003
1.6331
1.7641
1.7379
1.3754
1.0741
0.9539
0.91031
1.1864
1.5611
1.6963
1.7778
7.0224
7.0056
1.3417
0.75912
0.46376
3.7864
4.0142
1.9868
2.773
1.6609
2.5761
1.9033
3.5736
2.3126
6.4183
5.499
3.9344
2.802
30.53
17.215
2.2321
2.3701
3.3732
4.1279
4.1299
1.8049
1.1505
1.7232
1.1748
1.5409
7.0558
8.424
6.3413
4.2634
0.63852
4.3458
3.8779
2.3374
2.3865
2.1538
2.284
1.613
2.8055
5.035
5.6217
4.6494
3.9979
4.4473
26.48
5.5799
3.3516
7.3246
7.3138
3.0735
5.0669
4.4675
1.7847
2.822
3.7401
4.0149
3.7936
11.967
15.163
3.6071
3.6991
11.068
5.2355
3.1676
8.206
8.7177
2.0833
5.611
3.894
4.1707
5.47
3.6433
1.8811
2.7084
2.81
2.6456
5.3379
2.5491
4.561
2.1098
1.9601
3.4873
4.9692
2.3878
4.8909
3.9774
10.528
17.092
7.2633
5.1171
5.8158
10.875
6.4673
6.1163
12.079
10.584
4.8311
6.7054
4.4238
5.8427
7.2959
5.0585
5.529
4.0476
3.8332
3.7057
1.7797
3.1271
1.8509
2.0694
2.0659
7.3676
8.2451
6.9633
5.8857
6.8504
17.109
13.54
5.1047
7.0283
11.121
4.6671
6.7907
7.6788
11.59
5.2941
8.0158
5.2656
5.599
7.1744
9.2553
6.8109
14.776
6.5638
5.5539
3.7245
1.8076
3.7271
2.21
4.8711
4.2321
5.3747
5.2745
3.7632
3.0424
7.7709
8.3646
8.6433
8.6606
8.1612
11.554
2.6136
2.4974
4.7304
4.9209
2.3201
4.6056
2.092
7.0859
14.021
4.9489
7.6949
9.9985
11.056
10.139
6.051
3.8475
7.5604
3.98
4.569
3.3787
6.9842
5.1426
3.8283
2.9499
5.0387
6.8617
8.5347
6.1848
7.4572
10.732
1.7294
1.5305
1.6843
1.626
1.6283
1.7135
1.4603
3.8526
11.426
9.353
6.6062
6.94
10.157
6.3779
7.3984
5.471
5.0154
6.8633
5.5512
5.8453
4.6399
3.9492
3.1655
3.399
3.5499
6.4754
8.4211
5.829
9.5346
13.46
1.572
1.7622
1.4823
1.9394
2.0336
3.3133
8.0089
5.9052
5.0697
3.8017
5.834
6.1614
9.5773
6.1349
2.3304
5.7009
4.4664
28.712
5.7949
10.474
5.4045
4.9037
2.7795
2.1085
4.4354
5.3249
6.6533
5.2386
5.4687
7.6782
2.746
2.2048
2.2272
2.3365
5.1804
2.3105
3.8403
1.8807
4.1629
4.4021
3.2795
3.4803
3.3227
1.6412
2.2672
3.9335
3.6027
5.4596
5.2917
2.2578
4.9812
7.6528
4.6209
3.7259
2.6163
3.9074
4.8212
6.1144
10.099
7.7251
2.9835
2.5018
1.86
3.6837
5.886
3.0361
4.4185
2.0936
3.2484
3.3371
3.4274
1.6269
3.023
1.2323
2.0729
2.2996
1.9141
6.1463
6.343
4.5029
5.7918
5.9849
6.138
6.7774
4.0426
2.9894
3.9952
2.3523
6.3044
12.436
2.7017
2.2098
2.2304
2.4007
1.3609
1.6596
1.1073
1.5676
1.5993
2.2485
2.4975
2.7882
3.8404
2.3157
1.93
2.5502
3.1765
5.3616
6.8936
8.0554
7.8328
7.9086
5.4346
4.5798
2.5762
3.5171
4.31
2.2437
5.0681
8.134
2.6564
2.1378
1.963
1.9114
1.3876
1.0626
1.2988
1.7293
1.7098
1.869
1.9747
2.0814
1.5885
1.9023
1.7851
3.3752
10.888
6.4054
6.5352
5.5121
7.8736
5.0041
3.995
2.5189
1.9428
2.2433
2.7227
2.6994
6.4229
8.634
2.5785
2.0612
2.0051
2.086
1.7045
1.9486
1.8028
2.049
2.1748
2.7991
2.1471
1.8664
2.2338
1.4659
1.978
1.7278
8.4117
5.2039
4.8826
6.6183
6.9604
3.7104
3.6213
1.8227
1.9232
1.8217
1.5088
2.0085
1.5725
2.6846
1.3117
1.5465
4.0762
1.3847
1.3202
8.1456
9.5833
2.4794
4.5838
2.5655
5.3249
1.7764
3.4424
5.5845
13.929
1.7786
1.2017
1.0618
0.97735
0.92154
0.88105
0.81436
0.73754
0.69573
0.60187
0.7339
0.61367
0.50476
0.45926
0.40216
1.7821
2.0077
6.0849
4.91
2.5846
9.8323
9.8938
4.8333
5.8643
4.4844
7.0263
5.6671
4.4184
9.9358
12.251
4.1796
3.0249
1.5049
1.5668
1.198
0.99923
0.94303
0.88823
0.80648
1.097
1.9514
1.8416
1.8465
2.3028
2.4884
1.8016
1.7763
10.799
8.7037
9.9822
10.34
6.28
6.8104
7.3432
7.6302
6.2998
8.8098
4.7211
8.227
8.2219
6.8372
1.8468
1.6434
2.2036
2.0325
1.2345
1.7138
0.9376
0.76256
1.0912
1.4036
1.4641
1.7011
3.7161
3.6868
1.7788
2.5918
6.9268
10.859
3.9413
7.0215
2.8163
7.6403
8.1939
8.3764
8.9788
3.9356
4.5516
9.192
9.5276
8.5406
40.796
2.1189
4.3389
4.4998
2.9622
2.8754
2.8968
1.3625
1.1108
1.1067
1.3279
1.5683
4.2245
8.4956
1.8541
13.631
7.8441
8.9493
2.4326
6.0067
2.6813
5.8566
1.5237
6.4338
10.198
2.6665
4.0437
6.3579
6.0149
9.5233
32.929
2.2271
4.541
5.2277
5.2143
3.5202
3.1602
2.7564
1.5617
1.3431
3.1042
2.7999
3.8714
8.3894
1.7483
18.233
18.271
11.411
6.6361
11.448
12.251
8.3207
1.5796
4.6827
7.7616
1.6629
5.7595
3.1162
4.5424
1.9194
2.4263
4.6428
3.8029
3.1733
7.1077
2.3624
1.7987
3.3965
2.4557
1.8211
3.2336
3.9612
10.164
11.572
2.0655
13.029
17.983
6.9082
3.0528
17.093
13.325
4.8649
2.9164
7.6046
11.391
4.6588
6.2185
4.6538
7.2681
2.287
2.4258
4.3249
4.4191
7.5141
4.5793
1.7115
1.3116
6.0033
1.8008
3.6443
3.5119
7.832
11.064
10.801
2.1698
2.1902
3.8858
5.6665
4.5422
12.891
8.5745
4.8707
4.5063
5.2038
6.8834
2.6486
6.0025
7.7187
5.3179
3.3815
3.496
3.7847
3.8975
5.9745
4.7405
1.8966
1.7232
3.4782
2.2883
2.1091
1.2268
3.8797
7.4848
9.5086
2.3746
2.363
2.113
1.9548
3.2492
4.0796
2.502
2.7191
2.4697
3.6624
9.6687
4.031
8.2934
5.4382
3.3202
4.5717
3.7723
2.4865
5.7599
5.874
1.8307
2.1427
3.4841
3.6327
2.8667
1.6057
1.1303
2.3215
7.1214
7.341
2.0594
2.0037
1.8437
1.9481
1.7084
1.7762
2.0803
2.1354
2.1158
2.0448
4.7003
5.6746
8.3866
6.0411
3.1898
5.4798
2.818
3.1732
4.0351
3.6571
3.8181
2.9347
2.5
2.7899
3.2474
1.3341
1.252
1.3223
5.8413
5.2488
2.1705
1.8858
1.7272
1.6988
1.8166
1.7705
2.8674
2.6816
1.8339
5.1748
3.4116
6.6188
7.1398
7.9122
1.9675
5.3273
1.8548
2.2915
4.9903
8.9937
13.113
3.606
2.6648
2.7421
2.0298
2.0383
1.8986
2.3421
5.6143
4.762
2.0196
1.8537
2.8167
3.1392
2.5872
2.1424
3.8276
3.7231
1.9433
3.181
1.9222
3.4056
6.8207
2.381
1.8233
1.8488
1.6881
3.0528
2.9576
1.9237
4.7915
2.6651
2.3717
2.6933
2.0263
2.9797
3.1893
2.0283
2.1602
2.3583
2.0486
1.9526
3.8049
3.8707
2.6608
3.0748
4.1091
2.4208
1.9558
2.137
2.4205
3.4564
4.3387
1.903
1.8196
2.385
1.3874
2.6715
1.952
1.3774
3.3124
1.9077
2.6716
2.206
1.5965
2.8257
3.5669
3.3927
3.1984
3.2349
2.276
2.2277
4.1933
4.0914
3.1311
3.2118
2.666
4.3349
2.1333
2.1227
2.185
7.8644
8.2123
5.1365
2.1627
6.9582
4.3976
2.2648
2.8998
2.8818
2.9631
2.6727
3.4793
3.0416
3.4157
3.1656
3.0141
2.68
3.1455
2.8941
1.7717
2.1599
3.2811
2.9461
2.7813
3.4543
2.1993
2.9016
1.8982
3.2385
2.6866
3.5487
2.7652
3.3754
3.6835
3.4344
4.358
2.1759
2.9231
4.8524
3.2408
2.1519
2.9553
3.376
3.6344
2.8068
2.2796
1.8987
2.2629
2.8744
1.98
2.8352
4.0437
3.3729
4.5915
3.7628
3.2944
3.9216
3.5215
2.8315
3.3236
4.2624
4.579
5.4147
5.1693
2.5287
3.5486
4.6229
4.2513
6.2424
2.5787
2.1934
1.8103
2.6167
3.7773
2.4668
2.1171
1.9244
2.8449
2.1762
1.307
1.2254
1.8722
2.1488
5.9035
6.447
1.3983
1.3976
16.37
3.6538
10
1.3036
13.815
7.0402
1.8827
2.9217
21.02
13.38
3.2825
1.835
1.0725
1.0108
0.87573
0.78768
0.73138
0.67555
0.62294
0.68023
0.85732
0.67522
1.5237
6.3588
4.3349
2.7137
6.0329
12.213
10.035
4.3095
18.774
9.9361
12.807
1.6613
17.026
10.728
6.4733
3.5896
20.98
11.645
13.99
4.3346
1.6009
1.5121
1.0907
0.95308
0.89316
0.82866
0.82058
1.2378
1.7628
1.7818
1.3725
6.7134
1.7262
2.1255
10.67
16.108
20.481
2.0909
19.301
11.641
15.12
1.5385
15.595
12.918
11.686
3.777
15.387
4.1784
11.528
1.6725
1.7808
1.8011
1.3973
1.3682
1.4536
0.84485
0.68029
1.1118
1.3094
1.4446
1.436
5.8063
2.0777
2.5529
4.8882
15.092
20.49
2.3246
14.969
9.2756
16.396
1.6366
15.574
15.62
2.6526
6.5704
15.752
11.879
8.3559
36.202
1.867
2.4127
1.999
1.7204
2.876
3.0902
0.67519
1.0981
0.86691
1.5044
1.7643
7.3341
2.5866
6.2832
22.235
19.287
21.379
11.329
13.376
13.834
14.476
1.7032
15.108
14.789
1.3763
10.507
12.18
9.8126
14.852
33.42
1.8406
2.8675
3.478
3.8376
3.8527
2.6305
2.4779
2.2903
1.1525
2.6162
1.6549
8.7127
3.4006
6.1124
37.198
21.505
18.233
5.0003
6.6359
15.039
13.44
3.0056
11.883
11.265
4.2237
9.9505
9.1092
10.229
2.3043
2.0973
3.3133
3.1466
1.8571
7.1933
4.8082
1.8026
3.3431
2.6529
1.401
2.8532
2.7832
7.2862
4.4698
12.938
30.946
23.747
8.8868
4.8143
9.972
13.029
10.715
9.5581
13.021
11.616
10.396
8.5297
9.868
10.413
2.3224
1.9023
2.9079
1.9258
5.5364
7.2585
1.8508
1.73
3.9685
2.215
1.7385
2.2917
4.2081
8.4059
3.971
3.9626
5.4277
7.2429
7.4472
2.9079
6.5348
10.211
9.7338
11.916
12.557
9.24
7.763
7.8326
9.1427
3.6487
3.0084
2.5078
2.5853
1.4916
7.3488
7.2304
1.7725
1.8506
2.5985
2.8456
1.6887
1.3662
8.5655
6.4631
3.0082
3.7295
4.0416
2.5586
2.8372
2.2653
3.1197
4.1416
4.3822
4.3612
7.2616
8.3294
11.016
11.451
6.5536
2.7479
3.6635
2.0177
1.9667
5.748
7.9397
1.5635
2.7809
2.6246
2.803
2.8032
1.9188
0.96349
3.1025
3.3392
3.3894
5.1322
3.494
2.9241
2.4379
2.2133
2.3495
3.797
2.698
2.863
4.0723
5.622
12.884
13.502
8.2193
2.211
3.1391
2.1036
2.2134
5.3745
5.3056
2.2596
2.8546
1.8259
3.3406
3.1586
0.97201
1.1577
3.5411
3.4522
4.3529
3.0301
2.6459
2.4565
2.2908
1.9223
2.3762
3.0954
2.5364
3.8248
6.161
4.2389
12.064
9.0768
9.6428
2.1087
3.5734
1.6049
2.3394
5.0176
4.852
5.16
3.4275
2.1144
2.5597
1.9632
2.5565
1.9988
7.4487
5.3775
4.4447
3.8024
2.0598
2.5201
5.426
3.771
2.312
4.7373
3.7167
3.0486
3.3947
3.6799
17.733
15.864
2.4355
1.5626
1.5733
1.8045
2.5008
2.5985
2.2455
6.0271
2.2851
3.0136
2.2413
2.1546
3.044
2.8769
5.7414
5.3207
5.1651
2.4721
1.8383
4.3317
4.5187
4.6914
5.1645
3.7668
3.5923
3.3427
1.8895
7.694
13.775
10.714
1.5708
1.1084
1.3797
1.4657
2.9155
1.864
2.7562
4.0184
1.983
2.8804
1.8408
1.6928
3.8195
4.0121
5.407
5.7673
6.2662
3.6905
2.2724
4.6106
3.3566
4.4566
4.9543
3.8133
10.296
6.7459
4.8627
5.3321
16.643
9.2456
7.6909
4.7917
14.963
5.4481
2.4413
1.8307
2.7458
2.5614
2.5661
2.6924
2.366
2.5444
2.8399
3.1828
4.0199
6.1728
4.4252
2.5792
3.123
2.8183
7.0647
5.9408
6.5871
5.7194
6.1051
7.9314
8.5487
4.7746
8.0804
7.128
8.3907
6.5643
10.292
6.7163
2.0535
2.5985
4.1099
1.5842
1.9615
3.0235
3.1254
2.1696
2.9065
2.9299
5.6126
4.8076
3.6526
3.7335
7.6158
7.9325
9.7457
7.7032
9.3276
4.9424
9.9029
8.4369
9.2594
6.5879
9.8903
8.8574
10.559
10.365
3.0072
8.0219
7.148
4.3401
4.5138
2.2348
1.9957
1.9159
2.3055
2.6473
2.4212
2.3397
1.2732
1.176
1.1722
1.1694
1.3171
1.2761
1.145
6.458
1.2822
1.2817
1.4385
19.774
9.7507
16.428
13.584
17.016
8.7399
1.8665
2.5799
18.004
18.168
2.5876
1.0929
1.0948
0.90197
0.78919
0.73134
0.60494
0.53881
0.45764
1.4824
1.5554
1.4921
1.6099
6.5956
2.6571
1.6108
11.413
9.1198
1.7289
1.8295
24.264
10.854
15.93
2.5217
21.893
5.0756
2.5253
3.1856
23.323
15.793
4.2372
2.4529
1.2961
1.1036
0.89265
0.83453
0.77684
0.6773
0.77587
1.9542
1.4435
1.6433
6.5677
7.4624
1.6881
1.8857
5.026
26.088
22.334
11.905
17.744
13.51
16.674
1.4468
18.041
11.137
2.7958
3.2746
18.145
9.4414
8.9932
1.6279
1.7275
1.4234
0.93211
0.94477
0.69158
0.61731
0.58615
2.2164
1.5235
1.5076
6.3939
6.2404
2.3724
2.4536
15.03
24.874
25.773
15.018
14.384
13.09
19.422
2.4499
12.173
6.8933
2.8716
4.6886
16.172
23.07
27.15
23.022
1.5975
2.4611
2.4639
2.1253
2.0076
1.0783
0.62157
1.651
1.8713
1.7612
7.5638
7.2105
3.4536
11.522
12.033
21.848
17.659
10.53
9.7201
15.464
17.194
2.2046
16.101
9.9462
2.5912
9.868
12.127
25.156
41.097
35.735
3.1568
2.9164
3.43
1.8969
2.3101
2.4527
1.5677
1.5895
2.4858
2.4154
8.844
8.5424
3.8677
32.96
30.45
17.751
14.743
9.5842
8.934
16.17
9.4674
8.1002
12.29
9.0967
3.2561
9.1771
7.77
8.3026
2.0907
1.8154
3.8544
2.4355
2.8841
2.1854
1.3325
2.3382
3.0045
2.0835
3.1216
3.3937
7.6838
7.6676
4.6775
18.031
39.762
24.3
8.8986
5.0226
8.1209
12.922
3.2476
14.57
12.565
7.2071
9.1798
6.7702
10.165
12.343
2.4971
1.5536
2.8639
3.0388
1.9904
1.8417
1.4275
2.8557
3.2319
1.482
3.1219
4.1033
7.1759
7.9839
4.2934
5.999
14.402
10.831
4.0161
6.2533
7.7303
12.774
9.1787
15.449
11.235
9.2733
9.0833
3.5018
8.9021
2.7084
2.396
2.6435
3.1967
4.9262
1.4258
1.731
1.704
2.661
3.4068
3.4237
3.2604
4.926
10.588
5.6621
4.146
5.7201
6.5584
4.4203
3.8082
3.7135
4.3645
5.9314
4.5195
9.2705
9.0544
6.0716
11.009
3.8067
5.5846
3.2106
3.0044
2.0921
1.8395
3.3872
1.7639
1.3501
2.1911
3.2419
3.6234
3.1499
1.9692
2.8826
3.769
3.7402
4.1477
3.4622
2.9569
3.1572
2.5848
2.3882
3.1055
4.6153
2.8243
4.5711
4.7359
7.7778
12.353
3.5889
11.093
2.579
2.4815
2.2421
2.9312
2.4129
1.2923
2.3621
2.3771
2.1865
2.9799
2.0222
2.6293
3.6868
3.8606
4.1009
4.4462
3.7857
3.0697
2.7363
2.5733
2.485
3.1978
3.2666
3.0308
5.6313
5.6887
3.4897
13.646
8.8447
10.567
3.6665
3.6456
1.6478
3.9246
8.7541
13.353
4.4275
2.8641
2.9457
2.6971
3.785
3.5089
3.1907
5.8632
6.274
6.2
4.462
2.7668
3.409
5.7686
2.9361
2.458
5.1506
2.7641
5.1331
4.4678
4.2342
18.196
7.2346
2.3826
2.4614
1.6255
1.7261
4.2518
1.6177
4.3408
3.8799
1.6268
2.6146
2.3594
5.1057
4.6606
7.4237
8.5411
6.0991
4.0263
2.7693
2.6082
4.7093
4.3475
5.7089
4.7482
4.8067
3.0432
4.0533
2.3948
4.3053
15.343
3.3451
1.5692
1.1887
1.1656
2.2053
1.9224
1.6871
3.4289
3.8741
2.3866
2.6727
1.9917
3.2149
1.6435
5.6676
5.1887
7.5486
7.9012
2.2538
2.2147
6.189
3.7256
5.1109
4.5964
9.0975
8.9464
4.861
2.6448
9.5696
16.046
6.2076
1.8914
10.961
11.27
2.2
1.4375
1.3425
2.6488
1.5128
2.7623
2.5464
2.6001
2.6215
2.6558
4.8417
5.1598
6.0271
2.3509
2.5249
2.6925
4.1099
5.7563
5.506
5.6327
6.2872
6.0084
9.2033
4.9754
9.5344
11.471
9.1029
3.2139
3.5751
12.754
1.7669
1.4455
2.1426
2.9665
2.1259
2.2526
3.0201
2.2705
5.7822
35.648
48.25
5.2172
5.1272
3.7378
3.8415
6.4087
7.1116
8.2245
9.0334
7.5835
8.2285
6.6521
6.8654
6.738
6.7765
9.0835
10.976
11.218
7.5806
4.0954
8.383
1.3018
3.131
2.1948
2.1276
1.7277
2.5242
2.0166
