18.199
12.791
9.2788
5.1221
1.3903
1.2333
1.8297
8.135
18.902
20.249
14.498
15.685
16.671
31.9
22.842
7.6583
18.686
22.419
2.8603
2.7398
1.733
1.9051
12.727
11.042
4.2683
2.5646
6.1368
8.4301
6.9021
10.902
60.787
16.284
15.932
7.651
3.5761
2.396
4.1075
10.776
11.692
16.252
8.9626
21.281
21.637
21.704
19.019
16.427
13.96
7.9749
8.7708
4.5135
2.23
5.0931
12.337
1.997
2.7328
2.38
4.0664
9.4064
7.7729
7.9126
51.57
49.614
16.637
9.261
2.5679
2.1111
4.4351
15.812
13.326
12.375
7.7537
13.266
15.387
24.016
19.77
11.767
13.105
5.3545
5.5463
4.8667
2.5999
13.53
9.7648
6.2762
4.6865
7.0013
4.3951
2.9361
2.3715
3.9704
8.708
37.308
34.219
24.644
1.5192
0.86598
4.0815
14.196
14.749
13.429
8.2552
18.269
23.237
19.153
18.818
14.632
8.3137
10.983
9.2297
12.193
6.22
11.381
0.51021
0.56912
1.4485
2.666
2.517
2.8256
3.6192
2.9831
8.1675
28.129
30.991
46.484
37.291
1.7645
3.5399
10.159
10.66
12.015
10.463
17.463
17.369
14.671
16.782
19.715
19.697
22.965
16.775
31.63
31.785
12.773
9.3638
7.2433
9.6655
13.385
8.3925
7.5371
5.4467
5.1421
21.42
21.497
2.8624
5.0856
64.074
64.366
6.3627
7.857
17.54
20.067
11.819
18.487
20.684
40.626
42.664
20.183
8.2795
13.183
15.866
12.361
14.187
14.984
16.818
12.854
10.459
10.897
8.2904
7.4108
7.3584
5.1998
17.09
18.497
15.129
8.2209
12.499
68.71
4.9791
5.4222
14.421
16.412
12.111
23.554
27.182
29.751
32.372
17.169
6.5836
12.096
12.024
10.814
11.458
15.13
15.146
17.195
17.503
18.073
17.481
15.997
13.494
10.732
10.768
7.2997
33.459
33.99
33.579
55.208
7.8476
8.1335
10.065
13.446
17.434
31.106
33.199
31.641
14.027
17.075
16.506
9.3359
13.996
14.81
15.05
13.862
17.344
13.779
29.745
25.602
8.0927
12.081
11.789
9.7709
8.8278
5.3709
30.931
30.881
35.258
35.995
6.3825
8.5817
19.662
15.867
15.984
23.659
24.206
18.834
16.307
26.462
25.621
14.663
16.025
18.352
16.091
16.42
16.167
31.058
28.912
3.6629
1.5959
4.7719
19.369
19.38
6.9685
9.6594
29.383
30.819
31.823
32.438
2.8616
15.645
15.755
21.997
26.672
29.764
17.353
14.811
19.107
20.183
24.326
23.165
6.5383
12.362
16.553
12.713
24.045
24.398
5.575
6.278
4.3878
1.2042
20.261
26.35
8.1784
6.2485
20.463
32.759
29.432
30.957
26.518
38.089
27.781
23.679
34.275
32.717
26.982
17.737
33.765
30.918
24.635
12.743
9.7942
12.331
18.745
21.603
19.608
8.3567
6.2636
6.4071
6.9352
7.0159
8.0419
26.778
3.0878
4.4553
17.784
45.029
15.555
7.8363
3.3363
19.963
48.072
44.052
16.179
18.563
21.39
30.628
27.31
18.232
25.948
21.218
20.271
20.144
7.9859
16.535
13.325
6.3587
6.1202
5.8356
7.018
10.437
23.621
40.421
1.2052
8.1884
30.125
33.446
27.131
21.073
17.777
14.996
21.289
22.698
24.008
20.304
29.592
22.904
12.823
10.487
24.255
22.243
22.53
18.681
17.353
21.117
14.125
7.9136
7.2421
6.8322
6.7207
7.1651
46.223
46.104
0.34662
6.8459
26.355
29.788
27.545
32.923
32.757
21.95
16.398
23.169
30.239
19.227
18.511
19.222
19.62
10.437
20.525
27.782
27.996
27.464
23.46
25.29
27.852
7.1533
6.8905
5.9167
5.9296
30.854
48.758
35.516
3.1986
15.626
42.999
40.991
27.062
29.279
25.131
24.108
25.002
21.205
21.295
19.17
22.563
23.467
16.144
12.056
9.3
21.813
19.201
22.742
24.2
27.682
27.618
11.647
6.2954
6.9915
25.139
44.115
44.985
1.8651
16.542
24.127
22.625
20.148
24.855
37.017
31.256
19.528
27.62
28.035
22.359
23.191
16.869
20.328
24.373
29.887
4.6744
19.46
21.103
21.787
21.486
16.229
17.728
16.961
11.154
11.428
16.894
28.483
26.172
2.0527
9.6228
8.3638
8.1648
6.7751
28.721
20.37
20.144
17.058
6.8341
3.0817
11.423
9.9677
3.26
4.2029
7.6272
7.6155
7.6451
30.032
36.683
32.714
24.876
22.954
28.221
28.855
19.606
16.329
10.155
13.247
9.2502
9.6165
11.424
4.7925
4.9949
12.575
25.709
43.731
51.271
44.371
2.4958
1.5851
13.159
7.0029
3.1444
3.0231
8.6173
6.8319
11.999
15.788
11.65
14.432
21.793
26.378
28.948
16.327
16.094
12.698
15.431
16.556
2.2743
5.4722
13.28
6.1986
7.1308
13.279
16.853
51.97
49.177
46.625
12.46
3.2729
14.188
8.4952
0.98842
0.6539
10.115
7.3209
15.748
13.826
17.579
15.249
19.714
33.03
26.083
22.75
19.165
11.708
12.207
7.1566
6.4246
5.2051
12.031
14.966
18.513
18.397
21.037
20.235
18.14
47.65
47.021
18.266
14.275
11.065
0.79388
1.2538
9.6198
9.4725
9.2552
12.289
18.539
16.601
18.596
26.193
29.486
22.543
10.783
16.331
11.764
1.6159
2.3945
2.89
9.3107
14.094
25.351
26.536
18
28.073
27.662
32.376
44.384
50.533
42.053
5.6177
4.0904
5.3421
5.4261
5.2506
4.9954
8.998
17.255
19.841
18.868
13.245
25.254
29.452
30.969
15.197
8.7775
8.8338
13.984
14.058
23.856
5.3813
26.629
26.96
19.372
11.616
24.52
25.03
10.745
44.582
70.072
62.2
6.0767
4.9165
5.373
6.2535
5.347
11.324
10.898
12.156
14.374
18.434
39.022
46.184
15.411
16.007
17.078
14.271
11.186
11.248
42.735
22.651
3.2805
8.4967
10.774
10.279
21.633
22.46
15.813
13.235
69.087
68.537
7.107
6.1022
5.1421
6.6415
6.526
12.257
12.073
12.922
11.96
13.276
24.005
29.277
9.5478
13.639
14.063
16.133
16.845
18.015
53.968
49.063
3.2907
3.1949
2.1693
11.426
13.178
26.365
39.838
36.778
56.545
57.644
9.3231
9.9475
10.215
12.316
8.968
9.3027
9.8903
14.62
11.57
12.593
16.1
20.176
19.89
13.293
17.016
18.105
13.829
23.29
30.819
30.101
3.4266
3.0595
4.4224
8.5357
11.444
12.017
30.169
29.493
40.839
41.609
15.746
15.821
12.128
14.674
12.564
6.9985
8.0211
14.139
14.675
13.553
24.412
25.662
19.695
16.657
18.851
17.487
20.002
32.341
9.7033
4.1553
3.5978
0.8705
5.6301
9.6223
9.5645
14.338
32.191
32.828
27.636
9.5253
13.959
12.527
10.228
17.112
16.197
11.259
18.313
18.83
13.356
11.432
26.835
26.202
22.751
21.968
15.339
14.627
25.504
25.501
8.7551
5.4028
4.2406
0.71285
4.4415
4.6117
7.0618
14.871
31.666
40.453
35.905
30.325
37.822
31.127
9.3966
16.18
16.596
15.343
30.981
46.789
49.269
24.309
14.651
19.212
18.63
20.9
21.299
20.414
20.425
6.8656
18.821
5.2116
4.8848
0.52278
3.0436
3.2563
2.7051
6.5548
42.81
47.638
11.321
3.2118
28.989
47.37
45.64
32.982
14.231
25.893
27.816
40.569
37.898
29.561
20.211
21.501
24.113
16.059
24.858
23.122
13.698
6.3442
17.262
6.438
4.2545
1.6605
1.0616
1.7055
1.4966
10.096
32.319
34.506
20.53
16.696
15.222
17.757
26.681
20.177
8.5218
13.753
24.869
31.341
29.311
36.6
21.397
21.662
27.478
29.564
20.911
19.953
12.249
7.6204
14.436
6.7697
3.8542
1.0995
1.5673
1.6253
1.0012
7.7357
30.26
32.258
34.327
34.635
23.723
18.33
15.705
16.394
11.343
10.517
21.691
26.257
26.374
27.354
26.063
40.745
41.016
38.115
33.766
29.648
24.104
7.2367
16.414
14.805
5.473
6.8665
6.4864
4.5585
4.7319
17.537
34.053
34.029
28.948
25.861
24.62
26.653
24.715
17.069
15.46
13.377
16.389
18.405
35.955
34.108
30.442
34.556
27.625
32.159
28.533
31.018
24.598
19.769
26.546
26.304
23.664
24.441
28.63
30.206
23.327
25.99
24.986
21.806
18.584
19.504
18.505
26.076
26.54
23.028
35.412
33.649
32.945
30.395
33.194
33.001
21.919
24.126
21.248
19.475
22.186
17.543
18.106
16.923
0.78136
0.75122
0.60009
0.86486
0.55136
0.75709
0.49396
1.4443
0.45016
0.5598
1.2003
2.3984
1.4798
0.87506
1.0563
0.49813
0.51538
0.5906
1.0687
0.69058
0.97466
3.66
0.54561
0.48918
0.49395
0.52117
0.47136
4.7966
5.3596
1.2944
0.61256
0.89443
0.58189
0.77662
0.53214
0.57804
0.45679
1.1253
0.47628
0.48099
2.0122
3.4828
3.0286
0.74416
0.6884
0.46346
0.45534
0.57385
0.57669
1.0741
0.58599
3.1219
1.7328
0.52129
0.5001
0.80982
0.54893
2.0141
6.1498
1.0472
0.50048
0.77372
0.62634
0.76396
0.55246
0.68986
0.45429
0.94744
1.2736
1.1425
2.759
5.4459
6.3053
1.1683
0.84114
0.39708
0.41474
0.56798
0.4727
0.70419
0.59454
0.86035
3.0071
2.4623
0.48784
0.61245
0.95414
1.8987
4.8183
0.57381
0.50466
1.0107
0.64117
0.831
0.67753
0.7524
1.6025
2.841
3.414
1.6844
2.4879
3.8007
2.2538
2.4707
1.2764
0.4265
0.40057
0.50729
0.51315
0.61822
0.76913
0.81313
2.3416
2.7794
3.6564
0.99084
1.5595
0.7863
5.1061
1.7873
0.60236
1.3318
1.0904
1.0288
0.95316
1.6653
1.6002
3.5338
4.2462
2.8072
1.9718
3.1906
2.6225
2.0669
2.1014
1.1307
0.80945
0.90164
1.1843
1.1307
1.4521
1.8647
2.013
2.4089
2.2609
3.8138
4.4395
2.9149
5.0286
1.5378
0.60058
1.3588
1.0988
1.3509
1.6915
2.7966
1.9016
2.4203
3.0849
3.6317
1.4521
2.7439
2.5637
2.2031
1.8161
1.4402
1.1617
1.0931
1.0641
1.0004
0.96615
1.0857
1.3369
1.5462
1.8496
2.2301
2.5825
2.3155
4.591
3.4152
0.98463
1.0131
0.78135
1.9733
1.7862
3.7465
2.7778
0.74127
2.3611
4.8882
4.7943
4.6143
3.9324
2.1869
2.4625
2.2075
2.118
1.0386
1.0145
1.036
0.89706
0.97559
1.1295
1.2325
1.2963
1.5465
2.6957
2.0252
3.1882
3.9055
1.1759
1.2148
1.3173
1.1964
1.673
4.0882
3.8585
2.2668
2.8397
3.3683
4.7037
3.8103
3.422
2.0603
3.5632
1.6093
2.7058
2.1147
1.6493
1.4423
1.0881
1.6177
1.4208
1.2268
1.2427
1.4034
1.6282
2.2282
2.6614
3.8241
1.211
1.2766
1.512
1.286
1.5677
2.5175
4.434
3.7086
4.9202
5.0886
4.187
3.5778
4.1428
3.4071
4.5887
3.0308
1.5101
1.9249
2.6011
2.283
1.895
1.7356
2.1356
1.3004
1.3258
0.80827
1.2659
1.2848
3.3129
4.2613
1.8252
1.8585
1.8461
1.7884
2.2457
1.9618
3.275
4.716
5.4746
5.209
2.6258
4.0258
6.4226
5.6635
4.069
1.5878
2.8428
2.8062
2.7318
2.8547
3.561
2.529
2.288
3.1545
1.9384
0.66783
0.72754
0.73229
1.8589
4.1603
2.633
3.0889
3.1428
2.8644
3.2397
3.3476
2.5472
4.6867
5.1266
6.2466
5.4038
4.5324
2.973
3.7882
3.5569
0.83894
24.788
50.447
26.059
27.494
21.85
12.794
3.7426
5.3428
4.6976
5.5305
3.464
1.3992
2.2308
3.1058
4.5651
3.785
3.9883
3.5542
3.9566
4.3545
2.8442
3.8901
4.0496
5.5106
5.9744
4.9091
3.9432
2.5727
4.2275
1.256
13.383
50.001
29.55
18.15
15.292
11.104
5.0714
5.0086
5.3543
7.0097
4.2881
4.6799
3.0889
3.9218
5.0426
3.842
5.0299
4.3294
3.9047
3.3867
2.2727
2.0248
2.1119
2.908
3.8129
4.6242
4.4718
2.9241
7.3979
5.5485
21.064
33.478
17.038
17.352
17.959
10.663
8.9593
9.606
6.8449
9.0397
6.5875
5.1371
3.5527
5.4947
2.6477
3.0914
2.7391
2.3941
1.9869
2.2507
2.1538
1.4893
0.64737
0.68771
1.3823
1.5171
2.1979
4.2728
9.4085
5.4043
16.095
45.232
14.263
9.0661
9.3345
10.962
7.074
7.5196
5.3459
5.7606
6.5912
3.8762
3.5163
8.1184
5.2723
3.2368
1.9792
1.985
1.6181
1.6321
1.6342
0.65031
0.92897
1.2589
0.91172
1.6682
1.2303
3.8654
21.746
6.8047
5.7479
6.2778
6.0963
6.0799
9.6286
11.914
14.557
5.3691
5.0912
5.4796
6.9713
4.94
4.606
8.2305
8.9429
3.8807
4.0593
4.3582
4.6021
4.0396
3.9497
4.4366
3.7425
3.8362
3.393
4.6784
11.357
5.6559
11.56
5.7623
3.2854
3.9569
4.3936
5.2707
6.4238
6.6442
3.8197
5.8611
7.7691
6.3617
8.8883
5.9583
6.8047
6.1727
0.46706
0.46762
0.45788
0.48939
0.48968
0.55974
0.46613
0.44223
0.45968
0.48217
0.68105
1.2576
1.4336
1.1961
0.73717
0.46448
0.47202
0.50168
0.46201
0.4573
0.42399
0.46504
0.47365
0.4491
0.48438
0.50512
0.47455
0.58345
0.45355
0.45932
0.46561
0.46874
0.47389
0.48167
0.48444
0.49242
0.46895
0.45436
0.46245
0.44444
3.0222
3.2736
3.7799
0.47157
0.46881
0.45866
0.47228
0.49824
0.47321
0.44479
0.50084
0.49742
0.46286
0.49
0.45144
0.45541
0.45632
0.46851
0.46561
0.45677
0.48057
0.46845
0.46291
0.46218
0.46237
0.4819
0.45523
1.296
1.3467
1.225
6.6704
8.0211
15.935
0.74657
0.41114
0.38707
0.41533
0.49169
0.44721
0.43761
0.49142
0.4759
0.46991
0.47856
0.46584
0.50684
0.50804
0.44629
0.46258
0.49657
0.47883
0.45903
0.45411
0.47785
0.48161
0.69544
1.8569
3.6482
3.751
2.01
3.3117
2.8944
2.1557
2.1433
0.91943
0.43099
0.40442
0.4633
0.44825
0.46855
0.42605
0.50595
0.49471
0.48964
0.45162
0.52892
0.55742
0.61085
0.50665
0.55684
0.46357
0.47413
0.4698
0.47682
0.72176
1.0748
2.106
4.5774
3.7372
2.4221
2.043
2.0406
2.1595
1.459
1.922
1.0965
0.44638
0.48468
0.49185
0.49889
0.53381
0.7181
0.68419
0.64424
0.55938
0.57211
0.6439
0.59366
0.50137
0.52008
0.47448
0.47733
0.48191
0.67638
0.9332
0.71679
0.93414
2.456
3.2219
2.99
0.78298
1.031
1.5128
1.5378
1.2316
1.0182
0.89535
0.48334
0.46126
0.47369
0.51279
0.55826
0.53877
0.51538
0.57988
0.50404
0.66575
0.62612
0.58257
0.67981
0.51511
0.50191
0.478
0.48444
0.65491
0.83327
0.72674
0.57769
1.7822
2.2021
2.2721
1.6361
2.0454
1.0816
1.258
1.0433
1.4251
0.47068
0.48274
0.46933
0.53
0.52603
0.51354
0.50988
0.48629
0.5394
0.78015
0.68318
0.78939
0.93729
0.51964
0.5314
0.5147
0.55346
0.55861
0.63212
0.8487
0.98669
1.147
1.2011
1.8758
2.0097
1.7038
1.2011
1.2936
0.56136
0.94079
0.57524
0.56446
0.54324
0.46957
0.60628
0.65936
0.54077
0.50199
0.51179
0.64657
0.57081
0.67811
0.62911
0.48907
0.50459
0.51902
0.56667
0.5574
0.51266
0.86436
1.3011
1.5204
1.8885
1.7088
1.9807
2.9864
2.5587
1.8405
0.49366
0.54346
0.49401
0.57341
0.8288
0.58661
0.58854
0.70598
0.5505
0.47255
0.51621
0.53512
0.48942
0.57912
0.58512
0.53176
0.563
0.62634
0.55283
0.58988
0.54605
0.76816
1.3318
2.4332
2.8184
1.9063
2.6806
4.091
3.672
1.5579
0.50355
0.48203
0.70293
0.69014
0.73732
0.81489
0.71873
0.62413
0.87856
0.55358
0.48181
0.49234
0.46537
0.49446
0.50376
0.64175
0.72698
0.8512
0.97133
1.8139
1.8314
0.86242
1.8807
2.3518
3.6388
3.5715
3.2237
2.365
2.3843
1.4959
0.47953
0.46383
0.48877
0.52603
0.64095
0.60576
0.6737
0.67044
1.293
1.0548
1.262
0.92997
0.4788
0.56055
0.49691
1.0792
1.1714
1.183
1.104
1.1456
0.99262
0.92748
1.5413
1.8308
2.988
3.593
2.7134
2.2279
1.301
1.0214
0.48525
0.48283
0.46237
1.0859
2.1391
0.52241
0.89408
1.1455
1.3408
0.8229
1.1368
0.65521
0.62962
0.47492
0.51369
0.86568
0.99309
1.0957
0.98664
0.85264
0.78315
0.73456
0.74343
0.98436
1.4441
1.8487
2.0285
1.9159
1.1238
0.87793
0.83021
0.52895
2.835
6.5646
4.8835
1.3144
0.95682
0.94938
0.85985
1.3733
1.2874
0.68461
0.64484
0.46033
0.47692
0.51706
0.49618
0.71413
0.77346
0.56791
0.54886
0.59531
0.56546
0.48995
0.48771
0.67187
0.67116
0.83218
1.1089
0.61868
0.49957
3.022
3.8243
2.4381
0.58258
0.47224
0.5878
0.57696
0.5779
0.61814
0.64522
0.7377
0.51556
0.4264
0.46201
0.51406
0.46681
0.6442
0.68763
0.46825
0.47333
0.46866
0.49374
0.48465
0.489
0.4802
0.49071
0.48684
0.63625
0.57406
0.59373
0.58416
1.7269
0.7038
0.47139
0.46402
0.46626
0.47245
0.48426
0.45766
0.48592
0.44993
0.47047
0.54073
0.47386
0.95813
0.9963
0.89808
1.2267
0.97701
0.66667
0.83762
0.75192
0.56723
0.82006
0.90368
0.74329
0.60866
0.58378
0.53542
0.63823
0.52369
0.47972
0.65225
0.49021
0.46302
0.48105
0.45985
0.46168
0.48889
0.49248
0.4784
0.63088
0.48971
0.46577
0.46226
0.46508
0.45756
0.4677
0.44093
0.46596
0.46515
0.45877
0.46255
0.54256
1.5603
1.6625
2.8107
2.41
1.7951
0.48197
0.47513
0.49804
0.46248
0.46616
0.43803
0.46617
0.47099
0.44902
0.49188
0.53177
0.46871
0.47692
0.44854
0.46413
0.46016
0.46726
0.45274
0.46588
0.44112
0.47011
0.46363
0.83432
0.46915
0.43166
2.3395
4.6279
3.1799
0.46091
0.46975
0.46054
0.45937
0.48605
0.4657
0.44716
0.50001
0.48233
0.45833
0.48787
0.4586
0.47203
0.46217
0.4759
0.46665
0.48542
0.47421
0.46067
0.46675
0.47594
0.47338
0.76937
0.45044
0.97784
1.5536
1.9169
4.0758
7.9866
8.3629
1.2327
0.42408
0.39995
0.40718
0.49454
0.43413
0.45046
0.46233
0.46367
0.47519
0.46938
0.47055
0.52525
0.48925
0.44923
0.46638
0.48759
0.46107
0.46185
0.46232
0.45926
0.51008
0.54694
2.2127
2.9813
4.8497
3.0866
4.8453
4.3266
3.873
3.2318
2.583
0.44113
0.40076
0.46708
0.45072
0.47464
0.44673
0.4896
0.55181
0.49847
0.4487
0.5153
0.56446
0.61356
0.52283
0.5568
0.46001
0.4629
0.47046
0.46754
0.48683
1.7131
3.5135
3.3097
4.9904
3.4025
2.5256
2.2647
2.5433
2.4147
4.3186
2.4148
0.4593
0.46939
0.5154
0.48786
0.52658
0.69275
1.4003
0.73893
0.55516
0.76967
0.86005
0.59154
0.51539
0.5176
0.48138
0.47451
0.44234
0.45825
1.1778
3.5861
3.7394
4.0833
3.7343
3.5911
0.85664
1.5458
2.0108
2.4648
2.1262
2.2188
1.6777
0.49588
0.47527
0.48359
0.51739
0.53711
0.59608
0.56474
0.66306
0.55547
0.68064
0.58845
0.65526
0.68296
0.51089
0.51836
0.47871
2.9227
3.6393
3.0469
2.4198
1.7509
2.6021
2.6755
2.4413
1.8066
2.2044
1.3075
2.2941
2.1034
1.7359
0.47902
0.48993
0.47955
0.48607
0.51814
0.56278
0.51911
0.62056
0.5385
0.70045
0.61751
0.76848
0.88744
0.51078
0.48804
4.2575
6.3619
3.2654
1.4899
1.4498
0.97219
1.3427
1.8836
2.24
1.8892
1.7211
1.1442
2.5298
1.6151
1.7138
0.56673
0.59113
0.55106
0.46079
0.59124
0.60285
0.6034
0.52219
0.5306
0.66664
0.60213
0.64143
0.61314
0.49854
0.49726
8.671
5.0564
6.4219
0.77332
1.8755
2.1535
1.9535
2.2725
1.7849
1.6089
2.1198
2.7253
4.957
3.6651
2.149
0.47102
0.58286
0.55117
0.65526
0.66853
0.71031
0.52888
0.49433
0.50035
0.5548
0.49882
0.77251
0.57522
0.51236
8.4451
10.703
1.3523
2.0461
1.5886
1.9861
2.5224
2.3691
2.2501
1.3443
1.6446
2.7124
3.7908
3.6133
2.0124
0.48984
0.54998
0.65298
0.93175
0.7226
0.65756
0.62896
0.76965
0.5057
0.47624
0.47162
0.47466
0.70623
0.50652
0.72481
0.72205
0.83667
0.98758
1.0711
1.247
1.3836
2.0812
1.9042
2.4776
2.5005
1.8786
1.6137
2.3092
3.3102
0.49804
0.47881
0.48842
0.65693
20.741
6.4118
1.3948
0.70059
0.96638
1.0556
1.2166
1.3635
0.49433
0.52379
0.48019
1.1756
1.2001
1.1014
0.99955
0.9828
1.0542
1.0561
1.4007
1.477
2.1304
2.5721
1.9546
1.6971
1.3688
2.4891
0.51282
0.48408
0.46197
10.119
15.703
14.319
11.243
0.84439
0.98039
0.95963
1.4312
0.98261
0.64322
0.48762
0.51411
1.1498
0.82351
1.0312
1.0693
0.91564
1.2175
0.879
0.73745
0.89443
1.1465
1.5288
1.8285
2.0006
1.5848
1.5943
0.85321
0.5314
4.786
7.8045
8.0773
6.8047
3.6034
1.3711
1.3854
1.2877
1.3244
0.78996
0.62471
0.48167
0.47932
0.53338
0.54454
0.66315
0.93114
0.68362
1.0934
1.1572
0.84557
0.51176
0.5467
0.76748
0.83483
1.0238
1.7134
1.2104
0.55016
7.477
13.288
6.2755
4.8164
5.8904
3.5101
0.61104
0.75288
0.69269
0.70465
0.59484
0.52006
0.41044
0.48308
0.50593
0.65671
1.1207
0.87561
0.48406
0.47302
0.51214
0.43747
0.4983
0.48708
0.48819
0.50847
0.46999
0.64854
1.2321
0.59489
2.0984
4.0733
2.3854
3.612
4.38
3.5555
4.5928
0.84696
0.46577
0.51911
0.54201
0.46058
0.46472
0.4779
1.0436
0.91428
0.78135
1.3818
1.0331
0.68259
0.79452
0.72934
0.53676
0.84474
0.85039
0.78141
0.56628
1.1656
1.7245
0.76775
0.97174
0.67039
1.2714
1.4529
1.947
1.9722
2.0913
1.0955
0.5081
0.53875
0.4895
0.51858
0.48478
0.46298
