10.41
8.1188
7.0734
2.2712
10.667
13.539
15.033
9.2345
4.4628
3.837
1.4739
4.6021
3.3787
3.0011
3.2309
2.8289
2.5004
2.3374
2.765
5.9842
7.1145
16.143
9.4272
35.076
20.094
0.57918
0
0
0
0
8.829
7.2474
5.9804
2.9786
7.3592
21.991
15.244
19.177
9.0303
6.5951
3.2597
2.3221
2.3937
2.9565
3.1053
2.9148
2.8362
2.2743
2.5305
7.9828
15.766
18.963
16.41
45.884
27.319
0.46011
1.1348
0.11032
0.12471
0
2.4422
6.0775
4.2862
1.7695
1.0963
17.472
13.58
12.483
7.0179
8.5378
4.2747
3.3265
2.6139
2.923
5.9867
7.4069
2.7035
4.0709
6.9066
13.331
15.133
17.408
14.731
43.867
20.87
7.3106
10.603
3.2135
10.885
8.6383
3.1076
3.9058
1.9315
0.76509
1.2795
8.579
4.3633
2.9276
8.2916
5.3617
2.4538
3.0753
3.117
3.0772
4.6197
5.4111
3.5904
3.8948
7.9472
13.652
5.0182
9.5757
12.109
22.654
22.243
12.126
8.0522
9.5209
12.485
10.838
2.6062
3.7028
0.78295
0.96645
1.4236
1.3753
1.8239
2.2527
6.4091
6.3732
2.9224
2.7459
3.4352
3.8442
3.5699
3.1035
3.8275
5.2606
5.2292
6.5669
4.431
5.5613
7.4112
8.0592
10.031
6.87
4.271
8.2425
6.8957
6.4714
1.8692
1.6072
0.82131
0.99454
1.476
1.8762
2.1544
2.2209
2.7506
3.9775
3.6499
3.7886
5.3683
10.197
8.7814
7.0024
9.8002
6.6808
6.0794
7.7705
5.9159
5.2513
6.4099
16.052
13.21
3.931
3.3082
2.9659
3.4151
3.206
3.5617
1.3838
0.34433
0.72391
0.9441
2.376
3.5705
3.8908
3.3818
5.4595
5.4807
4.8799
10.883
8.6024
5.1175
3.2949
6.4717
7.3984
6.4535
6.6953
7.3315
7.44
6.5684
15.857
14.868
5.9604
5.4949
10.064
3.6703
3.2551
3.9321
1.505
0.62422
0.37571
0.6666
3.091
3.5846
4.2191
4.5226
5.1138
5.0026
5.8912
6.9569
4.8804
4.8416
4.6429
4.1918
6.5647
8.4867
6.5262
7.265
5.7473
5.9334
16.514
13.676
7.6204
2.2323
3.9795
2.959
2.7544
5.8488
4.122
3.1342
1.0683
0.91409
1.5855
2.0833
2.8835
2.9056
2.7707
4.2762
4.3792
5.5271
4.8243
4.6842
5.663
4.2378
4.4612
6.9346
6.1067
8.6481
7.1864
5.564
11.888
11.638
6.0797
2.6011
4.8454
4.6819
2.0883
5.2208
4.5018
2.7706
1.1185
1.5091
1.5666
1.6428
2.0518
2.9426
3.1925
3.9483
5.4818
5.5809
6.5362
5.9852
6.0622
4.0714
3.7796
3.8298
4.4341
5.4438
5.629
3.73
10.681
9.4562
6.6463
4.2508
3.6571
4.3753
2.8525
4.4865
4.266
1.3896
1.1039
1.5359
2.6259
2.3844
2.3832
2.9307
2.9868
3.5816
3.8298
3.8011
4.0417
4.5428
5.0595
4.8686
3.5766
5.8058
6.9192
5.7828
5.4731
3.7779
8.9366
8.8766
7.6485
8.4988
3.535
2.9422
3.3832
4.0757
3.0795
1.7568
1.9903
1.3987
3.9358
3.4241
4.0074
3.7179
3.2407
3.4073
4.0723
3.7488
4.7428
4.6726
5.2795
5.5274
4.1454
5.1868
6.4294
4.2374
3.3119
2.6597
8.0971
8.8949
7.1062
7.4592
2.44
4.6165
5.0822
4.0926
4.5543
3.9848
3.0569
1.3479
4.7768
4.3353
4.25
5.6603
5.8159
5.8912
4.7279
3.3498
3.1726
3.3324
3.1524
3.941
3.354
3.8802
4.9159
4.6176
2.803
2.3956
8.965
8.0478
7.8936
9.1878
4.1283
4.3649
7.0967
4.3784
5.5186
3.832
3.4024
0.47879
2.0682
2.7239
2.7633
3.5156
3.492
3.3479
3.8627
3.7683
3.0506
2.9272
3.0048
3.2451
2.8765
3.1293
3.0543
2.6593
2.9294
3.5145
3.843
5.4415
5.9846
4.2994
4.4559
2.8407
4.826
6.8361
5.5302
3.9663
1.7571
0.21858
1.0953
1.8417
2.5275
3.9485
3.7637
3.2105
3.3855
3.927
3.9039
3.6558
3.926
4.3544
4.4321
4.341
3.1397
1.5733
4.4158
4.015
4.1495
6.6095
7.0783
4.7222
5.148
3.7583
4.5601
7.6316
3.1864
2.7088
1.9054
0.55132
0.81158
1.2573
1.789
2.2759
3.1275
3.4421
3.7685
4.5598
5.0722
5.0982
5.7141
6.0713
6.9723
3.7124
4.2026
3.3578
3.812
4.0502
4.8862
5.074
4.6849
5.6458
4.5253
3.1462
3.0908
0.10913
0
0
0
2.3114
8.0094
0.4247
5.5385
5.3617
5.3413
6.2351
5.6134
3.538
2.7486
2.253
2.806
2.0347
3.3462
2.6536
14.173
7.1671
5.6483
6.2372
0.11872
0
0
0
0
0
0
5.1976
4.0971
4.2787
0.95293
5.7317
10.554
2.2511
8.1548
8.0783
7.2608
7.1177
5.4178
6.2417
4.0345
4.2097
4.6371
2.6212
4.5311
4.4206
11.827
10.847
11.082
8.5506
1.8921
0
0
0.07643
2.399
0.073217
0.90784
5.4173
4.7167
7.3909
7.8396
9.0842
9.6792
7.2583
7.3515
9.2473
7.1667
7.378
5.614
4.9984
4.8085
4.7423
6.5118
3.5647
3.1444
5.7301
23.789
13.175
9.7733
9.5891
7.7048
5.6594
4.8494
6.1248
6.3079
5.5513
6.8843
4.3954
3.1278
3.3745
6.1043
7.8857
8.4061
6.6272
5.9885
5.5461
6.9905
5.1904
3.6236
2.5997
3.1593
2.6876
4.8365
3.0865
3.2539
2.9166
22.08
12.509
3.427
8.6163
9.5984
9.305
7.7102
6.5972
4.5829
7.7322
8.8459
2.0884
2.8163
2.6821
2.0258
6.0154
5.5571
2.9945
2.727
2.8584
5.7077
4.9488
3.1112
2.8194
2.8773
3.5031
3.748
4.2775
3.3403
2.988
12.526
11.82
2.5136
4.3357
4.381
3.3085
4.1465
3.3724
2.1572
5.9996
6.0524
2.2559
2.6795
2.533
2.3346
2.2695
5.7792
4.6378
2.9193
2.6704
3.4068
2.9418
2.9272
4.1791
6.7724
7.4314
9.0667
10.082
5.8846
3.1166
15.459
8.0499
4.131
2.2487
2.4549
2.3986
2.2284
2.0494
4.4489
3.6922
8.0232
2.3003
2.4217
2.6574
2.5708
2.1432
7.5499
9.0606
6.0615
2.8757
2.273
4.2705
3.3255
7.3408
6.8266
6.5757
8.2912
12.287
11.19
3.152
16.284
7.7633
6.7719
2.0525
2.1939
2.3387
2.6354
2.2188
7.7408
6.1367
8.5027
2.8954
3.8886
3.9652
3.7773
3.9499
5.1316
8.9065
8.5387
6.9326
3.5093
4.1441
6.6216
6.6749
6.6829
8.7309
11.021
12.915
10.923
2.8482
18.515
10.639
9.2682
6.1717
2.4981
5.0127
4.8719
2.8369
7.3532
7.4381
11.444
3.4116
4.0383
3.5628
3.9524
3.7778
5.8291
4.3382
9.2927
7.7884
6.1891
5.6798
5.8052
3.8454
7.3015
8.9637
11.601
8.1657
7.4451
4.2973
14.984
8.0975
6.5397
5.7379
3.1805
4.1531
4.7377
3.6094
9.4631
6.1811
8.856
3.199
3.5983
3.904
2.8877
3.8378
5.0589
5.6611
7.7841
10.211
6.5883
4.0345
5.9185
5.0792
7.0569
7.973
10.51
5.8824
5.9523
4.804
7.2704
6.6612
6.4284
6.2927
2.6645
3.462
5.7017
3.8459
7.1011
5.3492
4.4732
4.005
2.8861
6.1398
5.6433
3.2229
4.5737
4.9319
5.1406
6.7689
5.6277
6.3855
5.6877
5.2203
6.7197
10.694
8.593
7.1958
7.6244
4.9737
7.6772
8.6086
9.7579
10.963
3.3874
3.5456
4.993
5.2706
9.0225
6.142
6.6156
5.0361
4.0752
4.7549
5.7524
4.4914
4.3945
3.9714
3.7596
5.9426
8.3314
6.0269
4.9249
4.3437
7.1439
9.4438
10.961
10.048
4.7591
3.5954
4.686
6.1236
10.841
10.391
5.8395
5.8465
5.3787
5.8459
5.5672
5.8745
5.4904
4.2937
4.0736
3.362
4.3557
4.4716
3.6389
2.9289
3.2566
4.0814
5.6975
5.7295
3.593
3.2072
3.0595
5.9098
7.5639
8.2417
4.0376
5.2943
10.644
12.295
11.643
10.628
5.5876
6.5958
5.5388
6.8577
6.3646
6.8537
6.0544
4.4194
3.7795
5.9718
5.3163
4.9054
5.0782
2.7825
3.7209
4.3937
5.2478
6.8723
5.9553
3.9053
4.0507
3.6639
5.5124
5.3324
4.2877
5.0707
5.1158
7.2659
7.6357
4.3432
4.8686
3.6335
4.8808
4.3056
5.7269
5.303
5.5621
2.984
3.2292
4.4031
3.5119
3.1679
4.7335
2.1423
4.8863
5.9086
5.9217
6.143
6.4249
6.001
4.9169
3.7514
5.0085
3.2912
4.3937
4.9961
3.1568
6.9211
8.6792
5.0221
5.2746
5.3575
5.053
4.7829
4.6527
5.6298
3.9419
2.8142
3.3406
4.9725
5.3561
4.9397
4.1904
4.8927
5.1099
6.2178
5.0213
6.0771
9.6606
8.3484
6.7195
4.2011
3.5209
4.1752
4.1486
4.8104
4.8917
17.553
15.48
5.3095
5.9843
5.0203
4.204
3.926
6.1949
5.2155
3.6718
1.7261
1.2641
1.0648
0.97354
1.0837
0.82018
0.89752
0.71862
1.025
0.94276
1.1093
1.2195
0.76172
0.84858
0.86534
0.97561
1.4234
0.80454
0.86693
0.64287
0.46019
0.74061
0.70527
0.6182
0.77906
0.94294
1.1504
1.0301
1.0591
1.1987
2.1339
1.706
1.7466
1.5473
1.4371
1.4363
1.2418
1.1964
1.462
1.6084
2.0079
1.1578
1.1488
1.2198
1.0678
1.3222
1.6267
1.3862
1.5294
1.4727
1.3673
1.4521
1.2673
1.4488
1.4867
1.3884
1.4023
1.6821
1.842
1.9446
1.818
2.2239
1.7507
1.7115
1.4841
1.8902
1.8487
1.2633
1.3349
1.4825
1.829
1.6845
2.0299
2.2751
3.04
2.3432
2.13
2.1408
2.4392
2.5052
2.2873
2.4098
2.7409
2.2123
2.9255
2.5554
2.6925
2.7746
3.0523
3.1475
1.9673
2.3797
2.1408
2.7887
2.791
2.1737
2.7876
3.612
3.1673
3.6341
3.6608
4.2595
4.1876
3.754
3.0488
3.0348
3.1107
3.425
3.499
3.0114
3.6212
2.0988
2.1218
3.9546
4.705
4.4267
3.9329
4.3491
4.6711
4.6371
6.0184
5.717
4.562
5.4046
4.9075
4.9178
5.8353
7.1708
4.8507
4.5966
5.7954
6.6464
7.8888
7.4339
4.8666
5.0667
4.6024
5.5857
4.9142
3.3423
2.9957
2.4106
1.5369
4.7652
5.6731
5.318
4.5449
5.4117
4.7669
4.1878
8.277
9.454
7.1567
8.4356
8.2095
8.8677
6.5604
8.0895
6.7535
5.2064
8.7687
8.6198
7.933
9.2744
5.4296
7.1947
8.4321
7.3159
7.5087
4.6585
4.564
3.3515
2.3935
6.3663
6.0411
5.3399
4.521
6.878
6.0138
5.4818
11.326
8.7568
12.246
9.9457
10.213
9.876
9.604
11.051
9.38
7.8663
10.16
13.055
10.31
7.6939
11.858
5.8746
9.0683
7.8629
9.295
5.2945
5.2603
4.3838
7.8744
3.6283
6.8603
6.3778
6.2248
8.5928
10.171
8.6312
13.626
14.276
8.4079
12.495
13.387
13.471
14.063
14.996
12.583
17.408
13.358
8.7365
13.709
15.727
10.155
8.7045
12.402
14.989
14.27
11.504
10.615
7.4111
8.8015
3.0611
9.775
11.135
4.8921
8.4177
6.1515
7.7806
12.759
17.175
14.047
15.822
17.446
17.447
18.244
15.13
17.708
17.303
12.494
10.453
12.651
14.04
16.228
18.173
13.464
7.5256
6.8584
11.682
10.38
8.1616
13.315
6.5399
8.6983
1.0022
0.56793
7.4711
6.6087
8.7268
14.117
12.846
16.543
13.772
15.101
14.191
18.621
14.11
11.567
9.7719
11.913
12.343
12.932
11.917
8.3582
3.8775
10.751
17.7
15.785
15.8
16.635
12.834
10.944
0.55875
0.57289
0.62936
0.61866
3.5105
3.323
8.6922
9.277
12.332
12.959
11.017
7.7269
6.5008
7.4595
6.9777
7.0113
9.1755
8.8303
12.02
8.7645
10.457
4.0007
8.4485
10.336
6.2345
13.292
7.482
8.9339
9.6062
14.531
11.458
3.2699
7.1281
7.0738
4.8243
1.9737
2.8556
9.0614
15.45
11.352
9.7145
10.627
7.5231
11.558
13.277
9.9282
8.2936
7.4415
10.139
6.5498
9.1887
6.133
2.6163
9.7766
12.535
12.327
9.8117
12.217
12.573
10.595
12.91
5.2106
0.56194
0.55743
3.571
4.4713
2.8734
10.71
13.052
10.465
11.426
9.0167
3.3494
6.4078
7.1867
9.5285
10.222
12.285
8.6815
9.0565
13.679
11.491
10.928
13.993
10.538
9.5081
9.802
15.541
12.417
16.938
9.6667
6.404
0.70532
0.61486
0.43279
0.38942
0.35622
13.954
12.573
14.32
12.698
3.2866
2.6019
6.06
8.6448
7.5151
4.6874
6.7882
7.4883
7.3536
10.388
10.395
11.202
11.015
9.8492
11.711
11.871
13.957
11.317
15.499
19.178
10.143
5.4412
1.0901
1.6007
1.7992
1.4008
11.005
10.297
12.801
14.404
15.396
12.006
8.8554
6.3366
10.289
11.999
12.632
7.8605
7.5137
6.285
9.0991
7.7684
9.0246
9.302
11.604
11.755
9.9823
8.4622
11.401
11.665
6.7751
7.4434
1.6217
1.5492
1.6838
1.2022
13.799
9.9769
9.7636
11.798
3.7698
4.4469
2.8623
4.2045
9.4812
12.161
8.6484
9.1258
13.816
10.533
6.9437
5.4833
5.3283
11.294
6.2799
5.7464
5.4885
4.8564
10.827
8.1433
11.245
8.5287
9.1355
0.56152
0.47823
0.45154
2.7816
2.9761
1.976
1.3485
2.0528
1.1513
1.1101
1.5028
1.2932
0.89999
0.96388
1.0603
0.7449
0.76314
0.87305
0.83257
1.2988
0.94764
1.4118
0.8314
0.89644
0.8449
0.94561
1.1001
0.78528
0.97056
1.082
0.84259
0.95452
1.0708
3.5389
3.9677
2.4545
2.0532
1.9725
1.7108
1.5988
2.409
1.3352
1.6626
1.7891
1.2688
1.5411
1.5785
1.8955
1.721
1.7499
1.7252
1.6015
1.9096
1.5798
1.5016
1.4354
1.7688
1.5945
2.0066
1.7338
2.156
2.4234
3.1173
3.6897
4.2063
4.0643
3.3393
2.5204
2.7898
2.2777
2.5643
1.481
2.2729
1.7615
2.0906
2.3787
3.1893
3.4642
2.6996
2.8183
2.9135
3.3936
3.0915
2.6439
3.4557
3.9115
3.1255
3.9734
3.1785
4.078
3.8436
5.575
4.5441
3.9756
4.1833
4.0342
4.0137
3.6951
3.0354
2.8081
3.0578
3.5459
4.1351
4.6676
5.0421
4.1274
4.7123
4.2041
4.2257
4.4442
4.501
4.6713
4.0144
5.3156
2.8826
2.9452
6.4968
8.1182
8.2205
6.6678
7.5015
8.5452
8.0649
5.4601
5.6282
4.9853
5.8699
5.5179
5.5756
7.1868
7.0839
5.8623
5.3129
7.0313
8.8448
9.1126
7.6027
7.0129
6.9353
6.1636
8.0154
7.469
5.3389
4.0601
3.9159
2.5297
6.1408
8.2653
7.3637
6.6048
9.0423
8.412
7.466
9.5633
8.3559
7.6423
8.1186
8.8388
7.7012
8.8742
8.4863
7.7987
5.8139
10.552
10.226
10.159
11.262
4.2496
6.9607
9.4819
10.987
8.7895
6.8425
5.9716
4.5417
2.5647
5.2929
10.054
9.6678
4.6291
11.297
13.465
9.9711
11.235
13.728
11.121
12.875
11.909
11.285
11.468
9.8425
12.826
10.936
12.451
14.875
8.9584
11.997
11.772
15.331
14.185
11.785
15.421
9.7424
6.4784
5.8434
7.1114
5.9245
6.5958
7.5473
4.5718
7.0486
7.5635
9.7314
10.482
13.517
14.958
12.745
10.824
11.984
15.413
13.29
16.58
13.853
11.731
17.884
16.938
14.984
14.031
12.134
10.939
16.406
12.975
10.4
9.8812
12.59
15.892
7.0673
14.158
16.716
6.2707
7.4588
7.2533
7.2944
16.885
15.281
14.56
16.523
19.294
18.829
18.262
18.99
17.978
13.863
14.421
13.756
12.954
11.462
14.758
13.211
15.823
11.634
14.006
14.122
12.68
11.478
16.395
6.697
12.002
0.99813
0.56761
6.4858
8.9145
8.4931
16.194
14.35
16.175
15.936
23.073
20.536
14.651
11.441
13.547
14.926
12.362
13.809
12.288
13.968
15.794
14.015
15.081
10.971
12.522
15.336
19.24
18.015
11.523
4.2017
5.382
0.5857
0.60506
5.3401
5.208
8.9469
10.933
17.302
14.661
14.548
12.549
13.208
11.886
8.4822
6.5724
8.0433
4.1665
8.3963
13.23
14.364
6.5104
5.7927
10.056
12.971
13.739
14.861
12.685
14.118
15.811
4.6915
0.66864
0.72201
0.54679
0.51968
0.45882
0.8499
14.492
14.353
14.337
12.184
13.571
13.584
9.7946
9.5243
8.7011
9.0714
8.9764
10.306
5.9997
10.037
12.407
18.375
11.554
14.779
8.2733
6.7427
16.351
13.51
15.043
13.098
7.4027
7.6895
7.8777
5.6873
4.1848
2.9592
6.2457
8.5583
12.179
8.6567
7.1142
12.695
14.329
14.034
8.551
9.0568
11.17
10.12
5.9515
12.298
4.7252
9.8457
10.818
9.5817
10.676
13.548
18.093
18.339
19.79
7.1667
4.555
0.60345
1.0129
4.5723
3.5479
3.0254
12.972
12.476
14.969
9.3681
3.5393
3.1527
6.0199
8.7917
7.9061
8.7261
9.0101
7.8065
9.9085
12.777
13.638
14.181
9.5463
9.2611
11.03
10.893
10.803
11.377
18.927
15.3
5.9023
3.8423
0.50597
0.43373
0.51856
0.6454
13.576
12.406
11.768
6.1832
5.0717
6.5816
4.01
5.1802
7.0388
8.4737
9.1662
8.9409
9.7263
6.3579
3.4235
5.364
10.101
6.2296
8.8209
8.3268
8.8353
9.5261
8.2338
10.941
5.5122
3.763
2.8453
0.43091
0.45246
0.47437
11.912
8.6473
3.2327
7.7108
3.8629
14.204
17.231
13.894
13.967
6.9637
9.2948
5.3316
7.9958
11.51
17.182
15.901
7.6128
4.8011
5.9894
5.9843
5.3525
6.1497
10.777
16.611
15.337
8.1177
4.5822
0.41523
0.35479
0.37279
3.0784
2.4293
1.5636
1.5438
1.6965
1.2292
1.1825
1.4559
1.1284
1.3502
1.4593
0.8917
0.99749
0.9614
1.1657
1.1754
1.1587
1.2782
2.5868
1.4965
1.8293
1.4864
2.0436
2.2846
1.5233
1.1945
0.89773
1.2763
1.3647
0.7621
3.6826
2.5729
2.2531
1.9113
2.0625
1.6692
1.3816
2.1099
1.464
1.6546
1.915
2.4747
3.0284
2.7303
3.7632
3.4874
3.28
2.7172
2.776
2.9847
2.362
2.6537
2.6951
3.3248
2.8285
3.0304
2.9826
3.5398
3.8451
3.651
4.0428
3.0984
4.2167
2.6451
2.6214
2.7137
2.2953
2.4928
2.9073
3.3865
3.5906
3.7192
2.8921
4.2397
3.4467
2.8383
2.6064
4.0096
4.1646
3.7315
2.985
4.2995
4.9313
3.6217
4.9601
3.9711
4.8883
5.8007
7.4431
5.8197
4.305
4.1109
4.8406
4.3078
3.8687
4.1392
3.7749
4.3311
4.8984
5.2902
5.8914
5.5984
5.9619
4.7518
5.4672
4.4423
4.2569
5.0525
3.3263
5.119
4.2111
4.1541
3.2821
6.7764
8.277
7.7131
6.8899
7.907
8.7943
8.7104
6.0202
4.7848
6.2234
6.2663
5.2336
7.4263
6.5323
5.3133
6.2964
6.1535
8.4949
10.375
9.1042
5.8116
7.1855
6.5503
6.7765
7.4084
8.1105
5.8366
7.2407
3.5571
3.0664
6.5556
8.1566
7.9508
6.8936
8.6144
8.7307
7.7304
8.4783
8.4467
7.9715
7.7513
8.0853
8.8765
6.5366
8.3942
7.5326
7.3384
7.3677
8.0873
8.8568
5.9463
4.6006
7.9071
9.3919
8.3424
6.1859
4.1904
5.1544
3.5012
1.1162
6.0576
11.127
8.9887
5.773
10.229
8.6128
8.2707
9.8422
9.8305
8.136
6.3038
7.8841
9.2657
8.1003
8.8672
8.8044
8.3197
8.5934
9.2083
12.375
10.752
11.486
11.35
8.055
9.7088
8.3855
6.9455
4.5162
4.2759
4.3326
3.72
8.0343
8.0339
6.8611
6.6396
8.7867
8.238
17.86
10.528
9.4932
13.97
12.401
9.8523
11.11
12.027
10.965
18.468
11.385
12.18
11.625
11.546
9.4632
10.211
9.4026
7.4916
11.288
11.925
11.028
9.1231
5.9659
6.2606
11.101
10.648
5.6751
6.7791
7.5621
7.3534
11.122
13.839
12.723
15.823
15.303
16.622
15.015
13.982
5.0803
14.311
12.301
11.555
9.755
9.4167
8.058
12.015
11.96
13.456
11.557
12.552
9.3452
13.182
7.2387
5.339
9.6302
5.0126
0.56985
7.7188
9.8132
8.4488
14.125
17.041
18.785
17.134
13.696
16.561
15.869
12.961
9.5605
8.6208
11.947
10.4
9.0912
11.785
8.6426
5.6968
11.609
14.106
9.0705
11.064
18.224
15.259
8.5948
6.3796
3.0015
0.60732
0.65511
4.537
5.596
6.5916
12.118
16.025
18.968
17.409
10.732
12.166
14.118
13.307
9.9537
11.976
9.2107
9.4892
9.4974
11.323
6.8542
14.894
11.592
11.286
14.65
12.122
13.595
16.785
9.8069
5.8594
0.65351
0.5678
0.52115
0.5053
0.46513
2.2822
15.156
15.512
14.679
12.793
11.942
10.631
12.869
9.8521
11.107
9.0988
8.2756
11.006
7.5075
7.4457
2.8171
2.3382
6.2972
6.5688
8.7878
4.8469
8.8795
11.301
10.579
10.559
4.7365
4.023
3.8399
0.56743
2.4882
2.6381
16.864
14.062
13.054
8.2416
6.8102
4.9123
5.7534
7.3442
7.4298
7.3799
7.2036
7.5537
6.3154
10.902
9.2463
7.9591
8.9973
5.691
7.1443
10.823
11.498
10.319
10.369
7.911
5.8271
3.1572
5.3412
2.4052
3.016
2.0651
11.675
12.859
13.521
13.261
14.917
12.408
8.3045
7.2586
5.2185
6.2853
7.3432
10.835
4.9998
4.5366
13.903
10.932
10.75
8.9692
10.421
9.5171
9.8588
6.8264
9.7692
3.7511
2.0976
1.0679
3.1266
3.8457
2.7073
1.792
13.596
12.955
12.953
6.2436
3.7792
1.5603
3.7802
6.133
6.1017
7.6396
8.157
9.9164
12.161
11.56
7.8292
5.4932
7.0129
6.838
9.3615
9.9243
11.593
20.159
11.341
13.416
10.446
6.8412
0.98151
0.52866
0.46929
0.46538
13.586
11.289
11.266
5.985
3.9249
2.8639
4.1152
8.6507
10.254
10.203
8.708
9.9447
4.563
3.9623
1.8097
3.9756
6.2992
7.752
10.054
11.545
6.5124
8.0423
9.7572
5.4461
8.9868
6.4819
6.6066
0.52217
0.44844
0.43042
