0
0
0
0
0
0
0
0
0
0
0
0
0
0
0
0
0
0
0
0
0
0
0
0
0
0
0
0
0
0
0
0
0
0
0
0
0
0
0
0
0
0
0
0
0
0
0
0
0
0
0
0
0
0
0
0
0
0
0
0
0
0
0
0
0
0
0
0
0
0
0
0
0
0
0
0
0
0
0
0
0
0
0
0
0
0
0
0
0
0
0
0
0
0
0
0
0
0
0
0
0
0
0
0
0
0
0
0
0
0
0
0
0
0
0
0
0
0
0
0
0
0
0
0
0
0
0
0
0
0
0
0
0
0
0
0
0
0
0
0
0
0
0
0
0
0
0
0
0
0
0
0
0
0
0
0
0
0
0
0
0
0
0
0
0
0
0
0
0
0
0
0
0
0
0
0
0
0
0
0
0
0
0
0
0
0
0
0
0
0
0
0
0
0
0
0
0
0
0
0
0
0
0
0
0
0
0
0
0
0
0
0
0
0
0
0
0
0
0
0
0
0
0
0
0
0
0
0
0
0
0
0
0
0
0
0
0
0
0
0
0
0
0
0
0
0
0
0
0
0
0
0
0
0
0
0
0
0
0
0
0
0
0
0
0
0
0
0
0
0
0
0
0
0
0
0
0
0
0
0
0
0
0
0
0
0
0
0
0
0
0
0
0
0
0
0
0
0
0
0
0
0
0
0
0
0
0
0
0
0
0
0
0
0
0
0
0
0
0
0
0
0
0
0
0
0
0
0
0
0
0
0
0
0
0
0
0
0
0
0
0
0
0
0
0
0
0
0
0
0
0
0
0
0
0
0
0
0
0
0
0
0
0
0
0
0
0
0
0
0
0
0
0
0
0
0
0
0
0
0
0
0
0
0
0
0
0
0
0
0
0
0
0
0
0
0
0
0
0
0
0
0
0
0
0
0
0
0
0
0
0
0
0
0
0
0
0
0
0
0
0
0
0
0
0
0
0
0
0
0
0
0
0
0
0
0
0
0
0
0
0
0
0
0
0
0
0
0
0
0
0
0
0
0
0
0
0
0
0
0
0
0
0
0
0
0
0
0
0
0
0
0
0
0
0
0
0
0
0
0
0.96401
1.0452
0.90383
0.79506
0.8838
1.0045
1.0317
0.9511
0.82275
1.0036
0.97072
1.0449
0.97263
0.94634
1.0278
1.123
0.98403
1.0249
0.89157
0.94463
1.0075
1.2422
1.3038
1.3597
1.3339
2.263
0.87387
0.68873
0.63927
0.64472
1.0828
1.0975
0.92169
0.70163
0.84614
0.92712
1.0351
1.0629
1.012
0.88864
0.96184
1.5207
1.2216
1.056
1.1419
1.0795
0.85334
0.95389
0.91259
0.95025
1.1655
1.2721
1.2074
1.6231
1.3466
2.5069
1.0923
0.72376
0.5525
0.63294
1.0368
1.0572
1.0095
0.82257
0.86499
0.91357
1.017
1.0785
0.79871
0.96325
0.96078
1.5354
1.6093
1.4523
1.0089
0.92651
0.85958
0.96794
0.94949
0.82447
1.8072
1.1871
1.1046
1.5967
1.7372
1.1641
1.08
0.71286
0.67855
0.64026
1.0323
1.0507
0.81923
0.90217
0.90118
0.92555
0.97641
1.1603
1.3028
1.4305
0.96776
1.2177
2.0611
1.949
0.90137
0.92189
0.8261
0.84751
0.87525
0.83662
4.3506
2.2197
1.0201
1.3946
1.7498
1.6079
0.9205
0.73869
0.60894
0.62738
0.9262
1.0936
0.88232
0.85123
0.90387
0.95413
1.9357
1.435
1.3851
0.92327
6.751
2.5433
2.2816
2.6435
1.3222
0.91295
0.86019
0.85655
0.86201
0.8854
1.8381
0.90358
1.0839
1.2546
1.4509
2.9006
1.0178
0.72159
0.65041
0.64462
1.007
1.0585
0.91298
0.75746
1.0569
1.4924
1.7499
1.6162
1.9853
0.94215
4.204
1.7504
6.0093
1.6387
1.3548
0.855
0.83064
0.91487
0.84414
0.91371
0.93856
0.99078
1.044
1.3209
1.8539
2.4731
0.96364
0.82186
0.66996
0.64042
1.0971
1.1005
0.9235
0.92674
1.0047
1.142
1.3549
1.6745
2.2861
1.0023
1.8404
2.2634
3.478
2.597
1.5154
0.75847
0.8191
0.86119
0.8488
0.87608
0.89189
0.91252
0.92941
1.2238
1.3317
1.85
0.9505
0.95712
0.68071
0.65998
1.0744
1.0504
0.81849
0.85277
1.0748
1.0442
1.0275
1.8144
1.3801
1.1636
1.7815
4.9798
5.333
1.9295
1.0815
0.96482
0.85389
0.89415
0.93088
0.8727
0.88316
0.87969
0.88344
0.955
1.0917
1.0929
1.0708
1.9978
0.70361
0.73768
0.96372
0.98468
0.75989
0.97741
0.96375
1.0221
0.97687
0.95438
1.3561
0.81561
3.6682
5.0373
1.3201
1.8156
1.0111
1.0165
0.99832
0.98364
0.93981
1.0153
0.99313
0.99858
0.88253
0.96635
1.0777
1.5703
1.049
1.8333
0.78009
0.74594
1.0936
1.131
0.8319
1.0534
0.92641
1.5926
1.7198
1.2388
1.5729
0.85937
1.1187
3.7497
2.3218
1.7679
1.1764
1.0245
0.9498
0.97453
1.0168
1.0874
1.0481
0.80747
1.0715
1.1323
1.1283
1.2615
0.84875
1.196
0.75057
0.86217
1.0858
1.1009
1.0025
1.0208
0.89967
1.6187
1.0349
1.3844
2.0341
1.8305
2.4837
2.6339
3.5588
1.2155
1.4226
3.5298
0.97131
0.90616
0.90714
0.97494
0.91893
0.81884
1.0185
1.037
0.95218
1.0687
0.85672
0.98616
0.76102
0.8447
0.98212
1.0676
1.0381
0.90918
0.90791
2.2482
1.1488
0.93289
1.3097
2.1629
4.6783
1.2321
2.9851
1.1863
4.3909
3.5475
1.1757
0.87633
0.84469
0.93979
0.83467
0.80321
0.95228
0.84924
0.88944
1.0109
0.83039
0.85146
0.71681
0.81393
1.0101
1.0815
0.9502
0.80898
0.91653
2.5212
2.2034
0.71444
1.3473
1.4609
2.623
2.5545
2.2295
1.0533
4.4598
1.094
2.6
0.90819
0.81974
0.71746
0.82639
0.8734
0.94523
0.88921
0.87402
0.91216
0.80618
0.81618
0.67286
0.82146
1.0404
1.0891
0.9822
0.8271
0.92863
1.8131
1.7949
0.69031
0.99133
1.1871
3.1002
1.2161
1.0148
0.97259
1.24
0.99633
3.1334
0.78528
0.79996
0.85987
0.84414
0.91351
0.90835
0.97468
0.93308
0.96232
0.945
0.81017
0.72315
0.88287
1.0073
1.0849
1.0489
0.80219
1.0147
1.4065
0.92972
0.73222
1.1465
1.2151
2.3522
1.5838
1.1631
0.99877
1.2895
1.0174
3.8298
0.81589
0.97202
0.84703
0.8562
0.97069
0.88921
0.94152
0.92209
0.91392
0.91095
0.6978
0.73256
0.87464
1.0059
1.0563
0.97756
0.85956
0.93751
1.364
1.0216
0.77702
1.1124
1.1049
1.2675
1.1418
1.1335
0.90092
1.3172
1.0022
3.7376
0.9743
1.0456
0.98499
0.84555
1.0042
1.0743
0.89614
0.78878
0.88011
0.90389
0.75334
0.69467
0.84477
0.90055
0.96864
0.90959
0.76582
0.86133
0.93015
0.98155
0.92788
0.79354
0.93212
1.0881
0.96097
0.90753
0.87506
0.97257
1.0297
0.95806
0.87844
0.90343
0.8282
0.95483
1.1803
1.1895
1.1501
1.136
1.6654
0.89345
0.72413
0.61635
0.59774
1.0491
0.96736
0.88772
0.70689
0.81828
0.9031
0.95962
0.98804
0.95593
0.87599
1.0537
1.9992
1.1146
0.94392
0.99476
1.0517
0.8094
0.83882
0.9055
0.88712
1.0717
1.1592
1.0177
1.2462
1.1151
1.735
1.0861
0.71754
0.63742
0.61165
1.0227
1.0347
0.91852
0.8444
0.81629
0.90705
0.99997
1.0471
1.1927
0.90471
0.93314
1.3079
1.0741
1.1895
1.1013
0.98173
0.93086
0.91424
0.86282
0.80991
1.4528
1.3452
0.93942
1.2963
1.1827
1.2409
0.99451
0.7185
0.66566
0.57394
0.94736
1.0708
0.79209
0.77679
0.81273
0.85245
0.96047
1.0942
1.7049
0.85853
0.95592
1.3305
1.6066
1.12
0.80766
0.94392
0.83713
0.83927
0.8065
0.84073
1.3534
2.7807
1.0348
1.1138
1.0993
1.517
0.905
0.7362
0.62429
0.60131
0.82836
1.0007
0.82074
0.78281
0.86652
0.815
1.2493
1.1919
1.1023
0.94492
4.4978
1.7061
4.3343
1.459
1.4271
0.84283
0.88353
0.84811
0.78789
0.87286
0.71287
0.81696
1.0343
1.1039
1.1155
1.6294
1.2357
0.71981
0.61622
0.60532
0.94062
1.0175
0.89058
0.78812
0.97288
1.1928
2.0885
1.3218
1.139
0.93804
1.4948
1.2036
1.6659
1.4683
1.0112
0.77478
0.85576
0.75495
0.80094
0.82122
0.9152
0.85138
1.0134
1.1798
1.3155
0.97309
1.4805
0.83539
0.69573
0.6271
0.94169
0.97615
0.84051
0.80473
0.88011
0.94844
1.1268
1.4852
1.3173
0.85473
1.112
1.9706
1.962
2.4501
1.0604
0.79507
0.76696
0.70878
0.83803
0.83242
0.9036
0.82489
0.88374
1.08
1.1276
0.93784
1.3248
0.96966
0.69151
0.65478
0.88326
0.852
0.74921
0.69834
0.97481
1.0214
0.91973
1.4608
1.287
1.0806
1.083
5.5789
1.5447
1.5537
1.0249
0.8908
0.7883
0.82087
0.8594
0.85141
0.88785
0.79653
0.78685
0.94159
0.99533
1.0001
0.96336
1.3494
0.76598
0.68045
0.82833
0.84308
0.72696
0.75206
0.82215
0.9361
0.89316
0.86864
1.2494
0.92743
4.0088
4.2005
1.4358
1.3468
0.89994
0.92443
1.0027
0.90493
0.90021
0.93626
0.92057
0.86326
0.87789
0.96932
1.0814
1.2054
0.9467
1.3673
0.74952
0.68958
0.91941
0.90978
0.77968
0.8016
0.84565
0.8825
0.77569
0.84333
0.94804
0.80724
1.2232
1.6565
0.98413
0.94522
0.89411
0.87584
0.90316
0.84178
0.89005
0.9531
0.96189
0.73092
0.94481
0.93103
0.98782
1.0837
0.88966
1.0444
0.78274
0.73782
0.98205
0.95621
0.94804
0.86463
0.82141
0.7738
0.81174
0.88452
1.0812
1.0754
1.2254
1.4972
1.057
0.88213
1.023
1.8105
0.94649
0.87243
0.88641
0.97154
0.9429
0.7926
0.94158
1.0194
0.86626
1.0623
0.90202
0.94864
0.77844
0.81286
0.93611
0.96681
1.0046
0.78761
0.88559
1.2203
0.96162
0.69789
0.94243
1.2046
2.4071
1.076
1.0653
0.98648
1.9245
1.948
0.99537
0.87357
0.87369
0.9453
0.91878
0.81179
0.85019
0.95458
0.94088
0.96665
0.84927
0.88754
0.69733
0.75416
0.99645
1.0314
0.94224
0.75552
0.90311
1.2418
1.3979
0.64947
0.87312
1.0694
1.6052
1.0775
1.0121
0.99518
2.0556
1.0135
0.97333
0.90098
0.87662
0.78792
0.87152
0.90421
0.9309
0.88638
0.88264
0.92027
0.91324
0.8424
0.65441
0.75626
0.9876
1.0303
0.93328
0.84095
0.87917
0.8851
1.1608
0.58746
0.76809
0.86708
1.3585
0.81553
0.82325
0.97047
0.9547
1.0116
1.0107
0.80771
0.78346
0.79871
0.80713
0.89489
0.90002
0.87896
0.96825
0.88338
0.91063
0.84632
0.68319
0.88231
0.90854
0.93189
0.9751
0.74192
0.81518
0.76382
0.67502
0.64413
0.85184
0.91293
1.3478
0.8149
0.87505
0.79508
0.85502
1.0016
1.2014
0.83694
0.91164
0.79756
0.92542
0.91778
0.95644
0.84349
0.89294
0.83288
0.88095
0.7759
0.69018
0.80227
0.93416
0.94024
0.87371
0.84851
0.81864
0.77431
0.67039
0.68074
0.91645
0.93649
0.85845
0.83198
0.8785
0.84363
0.7396
0.98779
1.0632
0.92586
0.99774
0.88947
0.7773
0.93929
1.0289
0.83841
0.81965
0.82453
0.89029
0.81464
0.70681
0.76257
1.0369
1.0256
1.108
1.3117
1.2357
1.1012
1.2847
1.2377
1.3414
1.8731
2.2091
2.2467
2.4104
1.8577
4.1914
4.4154
2.0602
2.5595
2.4458
2.5351
2.5047
2.8869
2.7324
2.882
2.6776
2.3514
2.2535
2.7175
2.4329
2.2854
1.4955
1.1965
1.0929
1.1762
1.2208
1.1045
1.0599
1.1611
1.2104
1.7774
2.619
1.5596
1.7119
1.7174
4.1387
3.158
1.3987
1.9166
1.6729
2.0704
1.6582
0.81503
1.5386
1.5654
1.6332
1.5247
1.2445
1.2445
1.3503
1.7365
1.1161
1.274
0.93214
0.96153
0.94794
0.94096
0.94125
1.081
1.0525
0.87549
0.85805
1.7478
2.0389
1.2153
1.4056
1.2026
1.1989
1.0998
1.0817
3.4004
1.5687
1.4505
0.98443
0.87744
0.95054
0.78245
0.74911
1.0626
1.21
1.7619
1.2792
1.5225
1.1412
1.4451
1.0646
1.0955
1.0509
1.2023
1.3138
0.89729
0.80227
1.9652
1.5554
0.95378
1.3696
1.0377
0.87857
0.90489
1.0744
3.502
2.7348
1.4359
1.1847
0.81734
0.88854
0.75879
0.76999
1.0638
1.0071
2.3761
1.6481
1.4102
1.408
1.5338
1.2651
1.4465
1.3582
1.2157
1.2155
1.0013
1.0231
2.3397
1.5097
1.051
1.6358
1.1554
0.81787
0.96008
1.0423
2.2403
1.4154
1.1109
1.0163
0.83067
0.96389
0.7958
0.8326
1.1229
1.2038
2.0579
1.6041
1.3159
1.346
1.5382
1.6618
1.5343
1.6094
1.4491
1.7513
1.0109
1.2475
1.8873
1.5543
0.95771
1.0609
1.1052
1.0308
0.89802
1.2433
1.0805
2.0428
1.229
1.4125
0.96432
0.94641
0.8507
1.0031
1.0941
0.89868
1.651
0.96723
1.2874
1.4533
1.7749
2.1801
1.9153
1.8424
1.5282
0.93181
0.90904
1.23
2.533
1.6368
0.99387
0.85962
0.87887
1.0368
0.83722
2.0111
1.1157
1.9824
1.6996
1.3157
0.92337
0.98951
0.99083
1.1128
0.96928
0.84114
1.9036
1.0923
1.1785
1.799
2.0701
1.8635
1.7454
1.8956
1.4949
0.63889
0.93456
1.2656
2.1659
1.1604
0.85496
0.85175
0.88503
0.87065
0.82329
1.4878
1.0947
2.0118
1.4934
1.4603
0.92665
0.94759
1.0471
1.0906
0.9704
0.90705
1.325
1.0015
1.5744
1.577
1.8294
2.128
2.0324
2.19
1.567
0.75749
0.93761
1.3357
2.0811
1.0395
0.72715
0.91479
0.96328
0.81358
0.81409
1.5162
1.665
1.407
1.1481
1.4047
0.92458
0.88383
0.91543
0.92869
0.96095
1.2378
1.3178
1.3514
1.3429
1.2919
1.8698
1.8539
1.9927
1.4761
1.7053
0.72802
1.0183
1.5025
2.1851
0.91487
0.62695
0.90903
0.96033
0.84192
1.1698
1.4009
1.0215
1.164
0.90399
1.2347
0.88529
0.9529
0.98706
0.98455
0.89654
0.9807
1.8031
1.2909
1.2882
1.4622
1.4471
2.3877
1.9562
1.8299
1.7346
0.95618
1.1865
1.1953
1.9454
0.9283
0.66223
1.033
1.0108
0.94715
1.1999
1.1968
1.0345
1.062
0.95154
1.0231
0.94309
0.96016
1.0252
0.91296
1.0742
1.0838
1.2664
1.1724
1.3858
1.473
1.294
1.7122
1.7016
1.4063
1.1926
1.0615
1.0424
1.0143
2.3815
0.85105
0.62296
0.94153
1.0166
0.99994
1.4333
1.4352
1.327
1.0869
1.1172
0.9026
0.91327
0.90192
1.0222
0.91742
1.0065
1.0011
1.0158
1.0119
1.5395
1.3416
1.1018
1.4177
1.336
1.2608
1.2894
1.0428
1.1723
1.0915
1.5184
0.97312
0.71955
0.90628
1.0017
1.144
4.7148
1.798
0.9031
0.92396
0.89396
0.92868
0.88735
1.0629
1.1337
0.86271
0.95382
1.2158
0.83026
1.0373
1.3651
1.3318
1.2484
1.3308
1.4983
1.0681
0.91542
0.9493
1.144
1.2119
2.2323
0.92313
0.73841
1.0079
0.91185
1.061
7.6376
2.8005
0.93303
1.0434
0.83453
0.84268
0.79415
1.0001
1.0601
1.0019
1.3297
1.7077
0.89412
1.4188
1.356
1.3529
1.3271
1.4338
1.9816
0.89267
1.0473
1.0345
1.1166
1.1106
2.1482
0.89568
0.7496
0.91269
0.86012
1.5206
2.9987
3.8008
1.0622
1.2196
0.88119
0.87366
0.75169
0.86946
0.87917
0.84788
1.172
1.7158
0.86331
1.589
1.4339
2.2993
1.6597
1.7569
1.699
1.2322
0.91663
1.01
1.0679
1.235
2.0292
0.80849
0.58445
0.85699
0.80173
1.2406
1.3366
1.7299
1.1841
1.096
0.99193
0.90532
0.81022
0.71168
0.7716
0.91275
1.0703
1.2746
0.97844
0.9921
0.98591
1.0148
1.1462
1.0938
1.0999
1.0923
1.1615
1.1975
1.5131
1.812
1.9295
1.8182
2.2703
3.932
1.9176
1.8849
2.0468
2.1776
2.0832
1.6877
2.2461
2.2888
2.2737
2.0521
1.5781
2.0009
2.2194
1.7316
1.8765
1.2282
1.0284
1.1691
1.2157
1.1961
0.93428
0.95868
1.197
1.3988
1.6144
1.9183
1.377
1.6076
1.3522
3.228
1.3473
1.3408
1.423
1.5541
1.7545
0.69833
0.95739
1.2843
1.2403
1.2657
1.005
1.0015
1.1524
1.1518
1.4481
1.0855
0.99759
0.9755
0.93622
0.91176
0.96372
0.93981
1.0108
0.90556
0.81102
0.88807
1.807
1.0062
0.90902
1.3747
0.87892
1.0201
0.99609
3.0769
2.5428
1.1312
0.91862
0.99514
0.87999
0.94152
0.72844
0.92637
1.1358
1.0647
1.6669
1.302
0.97132
1.1747
0.92137
0.95427
0.85189
0.88874
1.1344
0.89892
0.80449
0.79218
1.6231
1.0118
1.0055
1.0117
0.87321
0.76242
0.96678
3.1118
3.4146
1.0918
1.3086
0.92261
0.80192
0.84384
0.74726
0.96368
1.0867
1.3237
2.0797
1.2035
1.2322
1.4095
1.0217
1.1529
1.1043
0.98712
1.072
0.85306
0.9049
1.0133
1.8872
1.0441
1.0923
1.2291
0.879
0.85118
1.0133
0.91894
3.2744
1.0443
1.0426
0.92488
0.89984
0.957
0.72174
1.0285
1.1192
0.9644
2.1561
1.0594
1.3489
1.3721
1.2211
1.2141
1.3426
1.0721
1.1733
1.1167
1.0018
1.0738
1.5036
1.1204
0.87287
1.0754
0.99602
0.93863
0.91757
1.4491
1.8602
1.9554
1.2556
1.1031
0.94897
0.99757
0.92168
1.076
0.94255
0.8879
1.5481
1.0411
1.1961
1.3908
1.543
1.3844
1.5291
1.2479
1.1726
0.74786
1.0447
1.0776
1.8956
1.1851
0.8765
0.89061
0.93531
0.95131
1.0207
2.5901
1.8273
1.8925
1.3688
1.0389
0.87403
1.1081
1.0227
1.0736
0.9985
0.89588
1.5537
0.9727
1.248
1.4537
1.559
1.5564
1.5279
1.2962
1.1448
0.67815
0.99721
1.2143
1.718
1.0453
0.69033
0.96776
0.91421
0.80269
1.5516
1.4167
1.9999
1.708
1.4829
1.1257
0.92807
1.1673
0.95795
1.0183
0.98417
0.92058
1.4775
1.0161
1.3054
1.3877
1.4576
1.5685
1.8246
1.2965
1.0718
0.89057
1.1123
1.2111
1.6432
1.015
0.63094
1.0533
1.0053
0.7788
1.6651
1.3895
1.9311
1.5744
1.7257
1.1029
0.8347
1.0186
0.89397
0.99301
1.0867
0.87453
1.4372
1.1781
1.2067
1.3482
1.4589
1.4915
1.5843
1.0001
1.1553
0.95606
1.1326
1.3393
1.5962
0.89436
0.62609
0.96405
1.0004
0.82504
1.4889
1.446
1.4506
1.235
1.7274
0.99103
0.92597
0.93696
1.0692
0.97958
0.90225
1.0569
1.51
1.2416
1.2466
1.2614
1.451
1.8398
1.568
1.2057
1.2995
0.9758
1.11
1.1885
1.2935
0.68715
0.61914
1.0019
0.95004
0.80591
1.1469
1.3198
1.0879
1.0325
1.5585
1.0414
0.98919
0.99541
0.89599
0.90233
0.94728
0.97831
1.0633
1.1299
1.3988
1.32
1.2828
1.4022
1.3921
1.296
0.9653
1.0208
1.0142
1.3457
1.4254
0.61079
0.59559
1.0063
0.91664
0.94161
1.0842
0.96664
0.91734
1.2609
1.1494
0.93691
0.8097
0.90641
0.96988
0.85399
0.88583
0.84228
0.86802
1.101
1.4828
1.358
1.1356
1.2743
1.1871
1.1344
1.1365
1.0598
1.1452
1.2819
1.0798
0.8804
0.52304
0.93078
0.80631
0.87672
1.5155
0.86838
0.81511
0.87312
0.84847
0.82854
0.87912
0.92794
0.97132
0.87062
1.0183
1.0811
0.81276
1.1603
1.2824
1.2501
1.1521
1.1586
1.0551
0.93486
0.93873
1.0695
1.1752
1.5397
1.0787
0.75055
0.53918
0.91561
0.76664
0.83986
2.0498
1.0928
0.98144
0.86473
0.86593
0.8866
0.94966
0.78105
0.86944
0.96116
1.2706
1.1997
0.7926
1.2659
1.3709
1.1909
1.1648
1.4654
0.96726
1.0254
1.0577
1.1343
1.0923
1.6323
1.1297
0.73861
0.61536
0.89979
0.85946
1.1766
1.3477
1.2476
0.77077
1.0094
0.92797
0.8655
0.9294
0.78491
0.81228
0.90999
1.1769
1.1957
0.69827
1.4689
1.6139
1.2957
1.2275
1.2959
1.175
0.94915
0.84557
0.87315
1.03
1.5321
0.79181
0.77067
0.59768
0.8192
0.8332
1.1077
1.1408
1.11
1.0403
1.0379
0.88067
0.87297
0.91425
0.65444
0.7762
0.89147
0.96016
0.97367
0.79508
