0.53494
0.53998
0.55287
0.58705
0.60864
0.84444
1.0392
1.0446
0.9417
1.0564
1.0642
0.99603
1.0165
1.0394
0.88064
0.95753
0.77189
0.83378
0.7789
0.50408
0.47052
0.41598
0.53175
0.39254
0.60031
0.71041
0.5075
0.47071
0.45732
0.42337
0.67975
0.68597
0.7353
0.76462
0.83529
1.2552
1.2296
1.3304
1.3932
1.3328
1.3042
1.2732
0.96214
1.1752
1.3456
1.1881
1.0333
1.1232
1.1282
0.92977
0.67529
0.55987
0.69123
0.4041
0.65402
0.78662
0.72096
0.60899
0.60899
0.57478
0.70893
0.69975
0.73216
0.78537
1.1445
1.3858
1.4121
1.3129
1.2793
1.3671
1.3765
1.1159
1.0802
0.76024
1.0687
1.1367
1.3398
1.2135
1.1862
1.0607
1.0254
0.91347
0.70709
0.46683
0.51994
0.29569
0.68492
0.64563
0.59041
0.60482
0.73417
0.7367
0.73846
1.0302
1.2963
1.2582
1.2989
1.3954
1.3532
1.348
1.3417
0.85598
0.81301
1.0347
0.96169
1.732
3.0682
2.7237
1.3491
1.1398
1.1798
1.0405
0.9331
0.60161
0.46378
0.43588
0.53552
0.63299
0.59757
0.61009
0.71204
0.73306
0.80653
1.2846
1.3881
1.4001
1.3603
1.3494
1.3372
1.4222
1.1473
0.97482
1.1275
0.87885
0.77592
2.2482
2.8568
2.2507
3.2518
2.0934
1.2319
1.1749
1.035
0.76633
0.58069
0.80958
0.39535
0.63884
0.62698
0.62085
0.72125
0.75521
1.2085
1.257
1.2022
1.3335
1.3593
1.3902
1.3616
1.2924
1.0873
0.52378
0.51969
0.96483
1.0307
2.9564
2.7746
3.0426
2.9247
3.1914
1.2893
1.1957
1.1132
0.72873
0.58698
1.2131
1.5118
0.82793
0.65416
0.64292
0.7261
1.0986
1.347
1.3081
1.3238
1.2376
1.2445
1.3426
1.4145
1.1637
0.66552
0.971
0.89801
0.74617
0.85391
3.1751
3.1618
2.8442
2.8947
2.9988
1.3455
1.3135
1.1328
0.62168
0.65802
1.227
1.3739
1.3574
0.67565
0.66964
0.89466
1.2161
1.2349
1.1711
1.1939
1.277
1.2331
1.2294
1.3603
1.0896
0.44274
0.54505
0.54878
0.86181
1.1197
2.9721
2.4502
2.9168
3.0621
3.1915
1.3182
1.2429
1.2526
0.70474
0.60025
0.97274
1.4738
1.4371
0.72501
0.6833
1.2734
1.3779
1.2115
1.2336
2.3609
1.1585
0.91959
1.2586
1.3934
1.3499
1.239
1.0283
0.53417
0.46126
1.5399
2.9431
3.2145
2.7376
2.4937
2.9965
1.3187
1.3103
1.2551
0.94135
0.62058
0.91118
2.9929
1.4362
0.9788
0.66878
1.3477
1.0718
1.0117
1.0668
1.3981
3.1114
2.916
1.3863
1.3514
1.3838
1.381
1.4439
1.3375
1.1705
2.6065
2.1247
2.3495
2.8876
3.1291
2.9719
1.4035
1.2899
1.2256
0.95273
0.75796
0.77473
6.9255
7.4912
3.3808
0.66837
1.2906
1.0983
1.071
1.247
1.1582
1.1855
1.3726
1.3476
1.3491
1.2997
1.3987
1.4441
1.4008
1.421
1.574
3.1308
2.9048
2.4371
2.3617
2.8171
1.3373
1.3804
1.3989
1.103
0.84764
0.51008
5.7249
6.7398
7.528
0.705
1.4827
1.3216
1.2549
1.2032
1.1968
1.0475
1.2889
1.3675
1.3965
1.3647
1.3299
1.2949
1.3898
1.4063
1.0638
0.5687
1.083
2.9148
3.1497
2.9426
1.4383
1.337
1.2839
1.1181
0.43426
0.77949
6.2098
4.9268
6.4924
0.72945
1.3797
1.4634
1.518
1.4741
1.3848
1.3439
1.3637
1.4049
1.4228
1.4111
1.418
1.4128
1.3565
1.3745
1.1003
0.62996
0.66012
0.67205
0.89528
1.2901
1.2796
1.3788
1.4155
1.1911
0.88539
0.68046
3.3506
5.8918
7.0068
2.1128
1.3549
1.4401
1.4993
1.463
1.4795
1.4475
1.4188
1.2713
1.2955
1.4259
1.4145
1.4289
1.3947
1.4227
1.0693
1.1576
1.2652
0.99545
0.55611
1.2631
1.343
1.2444
1.259
1.3136
0.4638
0.77953
1.8601
7.1294
4.4359
5.4622
1.5439
1.438
1.4132
1.4914
1.487
1.5398
1.3621
1.4064
1.2658
1.2492
1.2605
1.3931
1.4462
1.3546
0.8113
1.0994
0.93325
0.9586
1.1456
1.3216
1.3957
1.3734
1.366
1.2732
1.1041
0.80284
0.70042
5.4011
6.2828
6.8578
1.4328
1.5098
1.4685
1.5002
1.4773
1.5495
1.4093
1.368
1.3816
1.3968
1.4163
1.248
1.2201
1.3562
0.87811
0.74444
0.6202
0.51334
0.74093
1.2565
1.3456
1.3563
1.3541
1.3648
0.94581
1.0374
1.208
5.6471
4.1124
5.0743
0.52007
0.55798
0.61305
0.55985
0.58421
0.78468
1.0583
1.0583
0.98653
0.97984
1.1123
1.0727
4.1025
6.0939
3.4534
5.8915
3.4716
0.76501
0.82191
0.75893
0.78546
0.79859
0.67403
0.66876
0.61193
0.65285
0.52436
0.45102
0.44833
0.42471
0.70878
0.72589
0.73158
0.74631
0.80563
1.2661
1.2412
1.3577
1.4442
1.3339
1.3558
1.3602
1.3906
4.3313
4.8417
4.3573
1.9966
1.1069
1.073
0.96038
0.984
1.0041
0.87647
0.90927
0.86555
0.83123
0.72146
0.62685
0.61532
0.5826
0.67734
0.71964
0.7387
0.77515
1.0717
1.3563
1.4354
1.3349
1.3021
1.3722
1.3753
1.3148
1.322
1.3858
1.3547
3.9635
1.5872
1.2383
1.1347
1.002
1.038
0.99018
0.82896
0.87272
0.86383
0.79429
0.73564
0.6277
0.60383
0.5851
0.71035
0.73898
0.73707
0.98992
1.3075
1.2522
1.2267
1.4343
1.4365
1.3856
1.2692
1.352
1.4296
1.3569
1.3138
1.7758
3.4541
4.0836
1.8347
1.1751
1.1853
1.0763
0.90477
1.0016
0.84799
0.80127
0.7879
0.65866
0.60167
0.60399
0.70422
0.75746
0.7842
1.2341
1.3602
1.403
1.3906
1.2887
1.2633
1.3941
1.3534
1.4368
1.3165
1.4105
1.4505
2.1329
4.2361
2.7082
4.2038
3.1298
1.2121
1.1145
0.98029
0.9993
0.9112
0.89884
0.79155
0.65071
0.6231
0.61639
0.71957
0.74695
1.1654
1.2228
1.171
1.2741
1.3968
1.4429
1.4046
1.2586
1.3383
1.4219
1.4512
1.4156
1.3986
2.3979
5.0414
4.7909
4.458
2.953
1.3606
1.1506
1.0031
1.0308
0.94321
0.76138
0.95826
0.75118
0.64383
0.64179
0.72881
0.9594
1.2673
1.3902
1.3554
1.3303
1.2609
1.267
1.3796
1.3404
1.4729
1.3883
1.3643
1.4024
1.4395
3.4371
4.6403
4.0869
4.7223
4.6151
1.3499
1.2973
1.0004
0.9806
0.92579
0.93778
1.5935
1.2164
0.64155
0.65288
0.8702
1.1163
1.1996
1.3678
1.4149
1.4115
1.4157
1.3209
1.2108
1.7538
1.4019
1.4543
1.4492
1.4051
1.436
3.6745
4.0523
4.3328
4.4569
4.068
1.3174
1.1682
1.1429
1.0235
0.93823
0.85563
1.7627
2.0723
0.74299
0.66139
1.1739
1.2782
1.3184
1.1834
2.6315
2.3848
1.4442
1.4095
2.9752
3.513
4.8854
2.9892
1.3864
1.4687
2.364
3.6795
4.3275
4.3236
3.5653
3.3775
1.2456
1.1349
1.1467
0.97711
1.0084
0.99321
3.4345
2.3835
1.0011
0.67766
1.298
1.163
1.3703
1.4089
1.3678
3.3978
4.4141
1.5438
4.9986
4.1484
3.7039
3.3658
3.684
3.112
3.3053
2.6262
3.4181
4.0257
4.3702
3.2851
1.4093
1.2265
1.0967
1.0131
1.0449
0.97022
2.4007
4.7503
3.507
0.68896
1.028
1.0675
1.1138
1.1602
1.3386
1.3682
1.246
1.4317
3.0613
5.0576
5.2437
4.1598
3.6075
3.1026
3.2441
3.3805
3.4437
3.7998
2.9264
3.1086
1.2391
1.2041
1.1824
1.0867
1.0961
1.0754
3.3279
4.3457
3.4044
0.72983
1.247
1.0901
1.4495
5.1713
1.0996
1.2455
1.3713
2.8835
3.247
2.9932
3.0165
2.8413
4.6226
4.3134
1.893
1.4646
2.8099
4.6013
2.1422
2.9399
1.3895
1.2328
1.0857
1.0817
1.2659
1.1706
2.6865
3.4615
5.01
1.5184
1.3326
1.3439
1.2761
3.2001
3.2526
3.385
1.3029
6.2395
4.7844
4.2556
3.4134
3.0879
3.0629
2.5895
1.2806
1.3958
1.4493
1.4186
1.2421
3.4231
5.7727
1.3268
1.2268
1.0743
1.0856
1.1346
3.7063
4.2094
4.991
2.6738
1.2864
1.3199
1.4042
1.4256
1.4067
1.2364
1.7924
3.5558
4.7823
5.6051
4.1291
3.9372
3.7113
3.4247
1.4481
1.328
1.3051
1.3943
1.2758
5.4373
3.6646
6.424
7.4088
2.3159
1.1405
1.1475
1.2079
3.7162
2.9198
3.1216
1.1572
1.2431
1.4109
1.4344
1.4069
1.3888
3.7279
3.317
3.9867
5.5063
4.1533
4.2729
5.134
3.9907
1.5552
1.5015
1.468
1.3917
1.2554
5.1399
7.3719
4.6558
3.915
7.1079
1.0662
0.97251
1.0544
4.6055
4.9514
3.5423
0.89813
1.0506
1.1828
1.3164
1.3489
1.5195
5.4835
3.8223
3.973
3.2841
3.7026
4.8344
2.9544
1.7775
1.3947
1.4431
1.5149
1.496
1.4429
3.4048
5.7039
5.6336
8.0052
8.0822
1.3079
1.2232
1.2423
5.0095
3.7842
5.2808
0.57745
0.60954
0.6853
0.69196
0.68026
0.88141
1.0463
1.1347
1.0773
1.1577
1.334
1.2639
3.5615
3.2622
3.2601
3.657
5.0366
12.023
9.8092
2.2637
1.1149
1.1
1.0034
0.98129
4.0174
5.0003
1.0904
0.53976
0.47727
0.44511
0.77829
0.76914
0.82296
0.87905
0.98225
1.3378
1.3297
1.4338
1.6218
1.5505
1.4917
1.5886
1.8221
3.6892
2.9342
2.8931
14.006
11.795
12.181
11.217
1.4595
1.3968
1.2903
1.2649
2.4183
5.556
3.5018
0.68484
0.61966
0.6034
0.7408
0.79033
0.82509
0.87938
1.259
1.3897
1.5061
1.4243
1.394
1.6236
1.5508
1.514
1.5589
1.6049
1.9917
3.5692
11.939
11.721
14.536
13.405
1.4523
1.4163
1.2195
1.19
1.1775
1.0767
1.0952
0.67659
0.62652
0.61028
0.76336
0.80752
0.86981
1.0873
1.388
1.3699
1.4241
1.6002
1.7602
1.5578
1.4316
1.59
1.6341
1.5544
1.5012
1.6363
4.0478
19.096
12.262
8.7136
1.4399
1.4433
1.3094
1.2824
1.1857
1.091
0.95526
0.69032
0.67191
0.63415
0.78804
0.80771
0.903
1.3457
1.4006
1.3769
1.5097
1.4416
1.4857
1.6439
1.5854
1.6315
1.5029
1.6504
1.72
1.7116
2.31
1.3711
8.1577
9.9642
1.4538
1.4282
1.3626
1.3423
1.1633
0.94442
1.0124
0.7081
0.68656
0.64957
0.78362
0.8252
1.2876
1.3708
1.2907
1.4233
1.5424
1.6575
1.5321
1.4546
1.5914
1.658
1.73
1.5856
1.5584
1.8442
1.4794
1.7925
2.0645
7.2575
10.712
6.3143
1.4046
1.3834
1.2833
0.99374
0.96969
0.78712
0.67887
0.6954
0.7982
1.0489
1.3909
1.4394
1.3766
1.3609
1.3797
1.447
1.4819
1.5551
1.7459
1.7019
1.6671
1.7101
1.7231
1.5706
1.8652
1.7592
1.041
6.6015
11.882
8.088
9.0735
1.3525
1.2296
1.0073
0.86152
0.75627
0.72489
0.68973
0.93131
1.2183
1.2848
1.3965
1.4662
1.5229
1.558
1.4946
1.4665
1.8702
1.758
1.9446
1.9555
1.7541
1.7317
1.795
1.3968
1.3466
2.0975
7.5748
6.9309
8.434
9.499
2.7905
1.2565
1.0267
0.94864
0.82245
0.74584
0.68563
1.2966
1.436
1.3506
1.2545
1.4105
1.4414
1.6342
1.7968
3.1769
2.5445
3.426
2.2557
2.0283
1.9897
1.8079
1.7079
2.1795
1.6788
1.0156
8.3558
10.477
9.0766
8.0181
3.0191
1.3616
1.1948
1.069
0.86062
0.74473
0.71021
1.3836
1.3529
1.4244
1.3904
1.4144
1.5833
1.5777
1.585
3.2948
2.1394
2.4472
2.8238
3.4655
2.7038
2.1289
0.84946
0.89776
1.3244
2.1961
11.05
5.4062
9.2604
10.197
6.1428
1.4477
1.171
1.1801
1.2261
0.91653
0.71082
1.1865
1.2992
1.2925
1.3303
1.4731
1.5124
1.5039
2.0926
3.3606
3.6888
2.4742
2.8101
2.3136
2.5345
2.8004
2.47
1.9383
1.0852
0.93212
8.8918
10.379
11.806
6.0994
8.2386
1.425
1.2899
1.2037
1.1403
1.3087
0.71526
1.3635
1.1813
1.6594
2.1752
1.3324
1.4975
1.657
3.0137
2.4679
2.7972
3.2631
3.3325
3.2891
2.6564
2.4364
2.1321
2.286
2.4906
2.0544
10.142
6.1551
8.3044
11.159
9.8295
1.5183
1.3374
1.1224
1.2441
1.2228
0.79545
1.4727
1.4723
1.3889
3.0586
2.9265
2.9876
1.6516
2.8084
2.2746
2.6858
2.9218
2.6082
3.1066
3.1256
2.1781
2.238
2.1056
1.9866
1.8095
3.7694
11.921
10.703
5.9106
9.8245
1.4488
1.2596
1.2228
0.5391
0.9722
0.94686
1.4267
1.4478
1.4237
1.4888
1.5545
1.5056
2.5811
3.1726
3.4302
2.4627
2.2388
2.2521
2.2483
3.0985
2.3643
2.187
2.085
1.906
2.056
3.3689
1.91
3.5257
10.947
11.171
1.5699
1.4798
1.2152
0.70715
0.21942
0.69038
1.379
1.4323
1.4086
1.5434
1.6143
1.6251
3.1757
2.1458
2.8568
3.1124
3.241
3.2245
2.6859
3.2982
2.106
2.2999
2.2094
1.8332
1.9506
3.4119
2.4803
2.1305
1.8825
2.9039
1.5039
1.3877
1.4292
0.87103
0.53692
0.75692
1.0315
1.2359
1.3402
1.4466
1.5145
2.2122
2.2547
1.8832
2.1014
2.0362
2.2957
3.3038
3.223
2.5715
1.8176
1.9304
1.9285
1.7788
2.0322
3.0861
3.1648
3.2091
2.8724
2.6604
1.6221
1.4709
1.3077
1.0183
0.43581
0.63611
0.48324
0.50379
0.59021
3.1385
4.596
8.2034
0.96615
0.74672
0.73449
0.76606
0.79613
0.91066
0.50453
0.071591
0.44161
0.3733
0.59233
0.5002
0.4872
0.88337
0.78747
0.69021
1.363
1.8517
1.5508
0.41853
0.51105
0.42735
0.45995
0.4519
0.6506
0.67933
0.76882
3.9729
6.1832
10.947
7.9921
1.0016
1.0739
1.0413
1.049
1.0573
1.1181
0.98044
0.57074
0.47504
1.5473
2.7401
1.8586
1.0029
1.3667
0.96532
1.5235
1.7747
1.8794
0.898
0.74404
0.61756
0.5787
0.5909
0.66186
0.67385
0.75055
3.9248
6.0841
10.278
12.848
5.7459
1.0567
1.0481
1.0681
1.1418
1.0807
1.7039
2.7107
3.5312
4.913
8.5244
4.5175
2.2157
1.4393
1.4531
1.7623
2.0268
1.8712
0.93155
0.96866
0.63785
0.61904
0.59758
0.67803
0.7085
0.73689
1.584
7.4453
6.1493
6.5135
3.5045
1.1054
1.083
1.0987
1.1186
1.1224
2.8684
3.6877
1.3699
3.0073
1.0582
1.6708
1.1289
1.2006
1.2758
1.3635
1.7395
2.1098
1.0927
0.91098
0.65041
0.65036
0.6278
0.68843
0.7137
0.76475
2.6414
6.5504
5.6357
5.7513
1.7005
1.1063
1.1624
1.1024
1.1312
1.0908
1.0794
5.0974
3.0381
3.8886
4.4432
4.0532
3.5958
3.3411
1.3095
1.1915
1.3226
1.1386
1.025
0.87645
0.75969
0.64645
0.61876
0.69642
0.77405
0.82659
1.0237
3.542
3.4805
9.2102
1.1733
3.1858
1.1618
1.1535
1.1414
1.1454
1.1891
2.2125
0.8244
5.103
3.3817
5.3357
4.4842
3.7146
3.6265
1.2476
1.666
1.893
1.1244
0.7018
0.752
0.6673
0.63299
0.70634
0.78346
0.87539
0.9983
3.9764
4.552
3.5604
1.192
9.6467
3.9537
1.1563
1.1747
1.196
1.1683
1.4766
6.9288
5.025
4.4406
2.4166
0.87269
5.6974
4.6915
4.5693
3.3675
1.7312
1.4556
0.78079
0.73596
0.72326
0.65508
0.7972
0.85727
0.91258
1.0025
2.4154
2.4508
7.1824
4.3735
8.1399
7.2487
1.1427
1.1214
1.1736
1.1765
1.1736
4.0521
2.3534
1.8747
8.1371
8.411
4.4342
2.5591
2.1399
0.9468
1.7291
1.5823
0.82639
0.80725
0.75089
0.67468
0.84085
0.92264
0.98754
1.0372
1.1647
3.9702
4.4548
6.1066
6.2022
2.6257
0.85795
1.0408
1.1182
1.0968
1.0952
0.56543
2.6739
9.2141
4.629
2.3262
0.78689
0.61632
0.43458
1.425
0.91553
0.74945
0.92615
0.8605
0.75788
0.69754
0.84696
0.90328
1.0446
1.1139
1.2049
5.6464
3.8671
7.8497
6.1934
0.44899
0.038265
0.18578
0.70516
0.97873
1.0034
0.15599
0.1664
3.8872
2.4684
0.6199
0.14636
0.82744
1.0417
0.92361
0.8331
0.85551
0.76504
0.83858
0.83652
0.7445
0.82655
0.93088
0.96376
1.0343
1.1502
2.1514
4.4776
7.2746
1.7085
0.86117
0.34863
0.09993
0.03125
0.12679
0.8576
1.0349
0.73524
1.2433
1.0801
1.2975
0.66658
0.6446
0.1729
2.4748
1.7632
2.6232
0.59845
0.66361
0.82334
0.75457
0.8881
0.90984
0.96483
1.0454
1.1455
1.7604
2.1111
2.558
1.1361
0.43145
0.8104
0.6979
0.67083
0.099994
0.85231
0.91502
1.1048
1.1918
0.84566
0.54902
0.239
0.35313
0.75185
0.79811
0.76863
0.70064
0.60804
0.59426
0.64265
0.81437
0.9458
0.99752
1.0524
1.1267
1.1323
2.1595
4.7553
4.0122
1.1452
1.2607
0.17404
0.25272
0.70961
0.73531
1.0712
1.0674
1.1275
1.0962
1.2036
0.965
0.74705
0.44944
0.13345
0.73762
0.75559
2.6659
3.8287
1.612
1.9035
2.558
0.92724
0.98415
1.0698
1.1097
1.1698
1.2207
4.4148
2.6359
4.8576
2.3459
1.3086
5.4873
4.2619
0.59365
0.98125
1.1184
1.1482
1.139
1.1931
0.8367
0.13063
0.65025
0.63588
1.9909
2.031
1.2398
0.72765
1.8233
1.3818
1.7551
0.86359
0.9333
1.0438
1.1167
1.1229
1.1029
2.62
1.6453
5.2539
5.4425
5.6548
5.1027
4.9505
0.6519
1.0044
1.0418
1.0902
1.1135
1.1953
0.95259
0.2423
0.046875
2.2328
1.5882
1.2789
2.535
2.3337
1.3815
0.61443
0.59435
0.82909
0.86745
0.91353
1.0579
1.0949
1.1346
0.24118
1.555
2.4599
1.7556
0.54284
1.582
4.715
1.7687
1.1025
1.0347
1.0384
1.1189
1.2193
0.86581
0.67538
0.66184
0.48118
2.1605
3.6689
1.6377
0.69926
0.66595
0.81075
0.63489
0.56375
0.60398
0.72242
3.2573
2.8452
6.8107
8.1126
0.82519
0.82522
0.85791
0.82213
0.78958
0.8277
0.8852
0.94156
1.0186
1.097
1.0708
1.0717
0.91544
0.84073
0.7805
0.75674
0.69634
0.63579
0.60753
0.56136
0.51485
0.53976
0.52499
0.75836
0.79189
0.88741
3.1503
5.7905
12.156
6.5487
1.0983
1.097
1.0887
1.147
1.0742
1.1149
1.2046
1.3316
1.4189
1.4678
1.5867
1.463
1.2865
1.1687
1.1002
1.0045
0.95304
0.86468
0.80137
0.78679
0.7239
0.69963
0.68658
0.78596
0.81942
0.88146
2.5145
4.816
4.9575
5.218
1.5773
1.1481
1.1238
1.1354
1.1259
1.1541
1.7846
3.4624
3.9272
6.3796
11.204
7.3582
1.2985
1.1942
1.1006
1.043
0.94754
0.91314
0.82814
0.78249
0.77043
0.73641
0.6989
0.80269
0.81645
0.9213
2.0379
4.2769
5.8405
5.9133
4.7554
1.2211
1.1786
1.1266
1.1266
1.1899
2.6099
4.0486
1.3125
1.3097
2.2791
2.7274
2.8871
1.1629
1.1772
1.0396
0.97847
0.92844
0.84904
0.79464
0.79368
0.73957
0.7351
0.84462
0.88148
0.93314
1.4749
5.3008
6.9008
3.7088
15.082
7.5319
1.2655
1.2428
1.1831
1.2206
2.4007
5.6234
3.2558
6.3246
5.9206
5.3238
4.8092
5.3632
1.7067
1.0783
1.0138
0.94999
0.87595
0.80045
0.76883
0.74458
0.75653
0.83362
0.90879
0.96406
1.0587
3.3266
5.3615
6.5559
8.1023
6.5323
1.333
1.3204
1.2484
1.2757
1.3285
2.4547
0.88572
6.5115
4.7312
5.645
5.0936
4.7531
5.0613
1.1514
1.0622
0.97171
0.91932
0.85181
0.80681
0.78241
0.78699
0.87173
0.9388
1.0231
1.0745
4.3675
4.9162
4.4123
5.5255
7.3509
1.506
1.3447
1.3107
1.2864
1.3093
1.5931
7.5786
6.7604
6.0198
4.6304
3.0086
7.0187
8.076
7.2648
4.6565
1.0533
0.97863
0.92402
0.87479
0.86772
0.80868
0.9049
0.94592
0.99982
1.087
2.0217
8.5214
6.9725
3.9786
9.9243
1.6532
1.3724
1.3203
1.323
1.378
1.3653
5.3531
3.1991
2.6562
9.72
11.955
8.4888
3.1861
4.7528
1.0777
1.2785
1.0052
0.95515
0.94934
0.86635
0.86059
0.91422
0.95796
1.0438
1.1359
1.5907
1.4428
10.818
9.0961
14.42
8.6871
1.3762
1.3373
1.376
1.381
1.3754
1.483
2.0706
11.623
7.8424
3.302
1.2435
1.0134
0.71626
1.639
0.89367
0.86626
1.0334
0.99703
0.9039
0.84228
0.92769
1.0267
1.0961
1.1884
1.4768
5.2266
2.9332
4.9753
12.294
16.942
1.4721
1.4135
1.3996
1.4108
1.3653
1.3738
1.3931
5.1268
3.0636
0.87533
0.7801
0.78525
1.7413
1.1177
0.99026
0.88331
0.87701
1.0069
0.94901
0.86528
0.94833
0.99541
1.1073
1.259
1.2588
1.4555
3.7317
5.4459
5.1506
10.131
14.669
1.4513
1.4473
1.45
1.4313
1.4009
1.3813
2.0052
2.1974
1.8538
0.79169
0.77209
0.7266
3.1601
2.2626
3.2945
0.69885
0.76027
0.94761
0.90968
0.96891
0.99389
1.1134
1.1821
1.3065
1.4348
1.5541
2.3071
1.5528
1.5241
7.0902
4.8547
1.4529
1.438
1.4105
1.4005
1.4232
1.4434
1.2162
0.77021
0.84759
0.81945
0.70256
0.69654
0.66179
0.69326
0.64534
0.6684
0.74625
0.95518
1.0045
1.0891
1.1804
1.2424
1.3416
1.6669
4.2123
4.9293
1.7281
1.5427
4.7926
5.3091
1.4642
1.442
1.4464
1.4437
1.4137
1.4237
1.367
1.0783
0.85191
0.8664
0.88203
0.80445
0.68056
2.8246
4.5108
1.9279
1.6176
2.9356
1.0059
1.0508
1.1304
1.2343
1.2926
1.3486
3.6309
3.1706
4.2305
3.5543
1.5574
5.021
3.2035
1.4423
1.4324
1.3434
1.4095
1.4526
1.3933
1.3483
0.89843
0.88901
0.75471
1.623
2.4036
1.9886
0.83511
1.6911
1.4963
1.9898
0.99257
1.0496
1.1255
1.1791
1.2474
1.2852
2.2565
2.4684
3.9152
3.7279
4.1922
2.7506
2.9434
1.4079
1.4039
1.4076
1.4286
1.431
1.3859
1.3382
1.2277
0.8148
3.7158
2.9959
1.3028
2.9305
2.9142
1.648
0.9252
0.67845
0.95694
0.99108
1.0289
1.1351
1.2085
1.3225
2.2011
3.2564
3.3894
3.1613
4.1084
2.1942
1.5797
1.513
1.4654
1.4064
1.477
1.4185
1.3842
1.3325
1.2816
1.1673
0.82475
3.1028
4.2484
1.9634
0.80684
0.78972
0.78179
0.71347
