9.1262
32.427
18
1.309
4.1181
7.6872
11.82
9.1201
6.774
18.562
27.579
52.929
54.641
14.529
21.699
21.603
22.369
18.856
13.243
14.68
8.9902
7.8698
6.9429
6.7621
7.2778
6.6356
5.6508
8.7385
6.428
49.325
26.764
49.265
36.875
0.67635
6.1934
9.8784
9.8127
5.8188
4.6717
39.756
41.667
25.617
31.01
24.08
18.94
33.019
38.472
16.5
16.189
18.549
9.5974
8.5855
8.2513
10.439
9.5463
8.6713
8.1677
8.324
7.8242
42.609
50.058
56.144
27.692
0.34989
2.5771
4.5956
3.3234
1.9143
4.7443
39.922
21.204
42.244
22.851
25.074
17.584
21.593
38.63
37.683
17.795
21.754
9.0029
7.8867
8.0022
7.6157
7.1846
6.6526
6.6871
7.9872
8.0855
43.74
56.261
62.413
3.5418
0.35455
1.7055
5.6536
12.575
12.374
6.2582
9.4406
43.254
38.489
22.835
15.912
19.21
39.234
23.14
10.911
16.054
11.739
9.1804
9.0029
5.9697
8.5851
10.178
7.3147
9.0214
17.943
19.574
33.574
65.359
60.353
0.41815
1.4575
10.876
19.417
22.325
22.099
12.779
9.5157
33.958
40.155
36.259
12.952
39.571
49.328
44.822
22.602
17.824
13.17
8.5999
8.3466
6.139
7.7055
8.7625
7.0225
15.616
20.797
22.625
33.21
63.735
62.547
40.498
33.231
33.594
39.482
19.979
8.4108
23.139
38.557
4.9133
43.42
29.413
15.127
22.296
58.985
57.739
17.288
29.319
32.983
28.952
7.2031
12.627
10.084
9.4617
6.9727
28.673
29.707
26.951
2.8931
21.356
29.296
35.139
31.013
32.766
33.258
24.356
13.488
14.998
54.305
22.528
41.185
28.555
28.66
25.427
39.844
47.255
34.406
28.801
37.31
37.494
46.083
43.119
22.445
28.501
18.757
35.187
37.639
25.737
12.703
29.034
34.334
33.824
41.285
33.931
44.592
28.935
49.995
21.91
47.556
13.813
20.894
24.078
21.87
21.842
40.34
46.766
24.028
22.208
21.186
51.463
60.73
33.836
24.773
37.784
29.891
34.787
33.674
16.838
3.3211
18.987
24.553
24.199
30.146
31.321
35.851
18.379
37.122
27.902
33.479
16.96
22.867
26.831
23.297
15.75
22.184
28.509
26.307
24.995
36.718
31.482
25.959
22.877
27.324
43.067
43.568
30.206
29.854
25.891
11.71
22.727
21.856
17.785
17.013
19.262
29.819
32.884
40.423
30.456
23.829
28.011
21.927
13.755
13.527
15.803
15.482
28.265
25.054
39.302
32.254
23.053
20.267
16.228
18.329
29.059
32.579
23.529
19.51
18.191
20.583
10.165
7.2351
17.439
13.359
10.014
13.88
44.738
32.706
29.129
24.638
27.092
33.492
6.1131
5.2848
5.5994
12.205
15.794
8.3905
20.08
16.336
6.0718
5.643
6.9131
7.0652
6.433
7.493
7.506
8.3631
7.7827
38.492
4.8435
9.1524
35.012
16.67
7.3685
14.308
33.653
16.155
40.662
28.334
14.98
16.099
9.7276
6.4572
5.8636
4.9928
4.1482
3.3269
5.6171
4.6706
4.4602
4.1749
5.2321
4.6037
4.9085
11.546
14.505
19.868
21.863
24.163
8.2043
25.261
18.07
10.951
10.651
17.824
29.309
17.225
43.113
24.366
16.534
27.312
4.3981
3.4815
3.5564
3.3692
4.4937
4.6901
4.7622
4.2552
4.4426
4.4795
4.9007
5.9429
3.562
3.8577
3.9668
4.557
5.5837
7.7213
7.5422
15.031
19.857
10.701
8.9508
24.859
23.178
16.695
24.507
27.61
14.032
17.674
20.812
8.265
4.7418
4.6593
3.9435
4.8906
6.2821
7.7955
5.3248
5.1573
5.7369
6.2163
6.2435
4.4158
4.6764
4.0845
4.2768
4.4078
5.4781
6.8077
5.956
8.0668
9.9069
12.667
26.651
33.733
22.686
15.853
18.43
6.6976
9.9386
11.967
4.9968
4.0264
5.1208
5.4461
5.434
6.122
7.9546
8.0208
7.7525
6.0304
7.7486
6.3026
6.1243
5.7067
6.0736
5.7963
5.7953
5.4885
15.462
13.438
15.466
5.7426
6.1617
11.712
16.477
11.237
7.6666
4.1906
2.5313
4.4078
4.2524
4.4104
5.8452
5.1558
5.5671
5.5405
5.0481
5.8518
7.7067
4.9059
6.5551
6.1389
5.0287
4.6248
4.7553
3.8479
28.291
28.31
4.0929
21.915
22.818
20.867
15.093
18.29
13.669
15.996
9.7838
15.124
9.9722
10.076
15.386
8.1053
5.8241
6.4256
5.7157
6.5329
5.4842
5.2735
4.8805
3.9106
2.1479
27.188
12.845
18.027
5.064
21.564
28.011
32.172
3.277
4.1259
22.481
19.718
11.269
14.337
18.202
18.456
6.3863
22.423
36.184
13.765
12.723
9.446
8.2872
7.7475
7.0851
6.9011
6.5829
6.3331
8.085
11.954
15.594
18.776
17.648
18.289
29.677
39.86
33.524
22.078
25.368
2.9674
2.583
9.7961
7.6087
11.574
7.8802
35.076
28.757
22.226
30.669
17.749
21.006
7.1664
8.1724
7.391
5.1521
6.3787
7.63
6.9784
15.516
18.993
19.019
21.887
17.062
15.284
27.984
58.606
36.453
17.385
63.693
17.315
3.3655
6.4106
6.2484
7.747
6.7674
41.264
21.124
30.422
49.172
23.105
19.906
18.757
8.2368
5.735
5.7603
6.8366
6.0422
6.9636
18.539
25.031
29.056
17.84
8.5322
7.9997
10.564
31.519
35.838
29.002
38.983
24.023
24.056
16.974
13.965
29.914
11.396
18.102
24.565
38.109
53.467
21.74
25.347
40.276
28.485
11.284
19.383
11.873
19.568
7.3742
23.634
36.838
21.181
12.188
4.8738
5.0072
18.413
24.377
35.19
63.638
64.858
18.697
13.892
10.766
27.622
14.685
21.004
26.585
25.155
36.011
37.519
25.734
30.663
17.826
16.919
37.908
37.238
11.613
31.378
22.561
35.918
31.627
13.13
6.7566
2.4351
3.9917
22.982
27.844
35.372
53.768
60.268
41.111
12.461
11.238
20.405
18.828
22.657
19.08
35.881
28.662
18.889
28.881
36.552
29.56
28.121
30.044
20.228
20.657
27.199
23.611
28.992
24.447
20.694
8.5689
4.375
5.2107
15.781
20.257
26.99
35.238
57.882
38.241
10.959
17.24
16.031
17.989
19.61
20.277
20.475
25.804
25.925
30.069
31.634
18.506
20.64
21.676
16.578
16.359
20.83
34.673
21.615
23.959
15.33
11.237
15.4
11.098
23.982
12.313
47.284
28.855
33.674
27.058
12.572
9.4933
9.7032
7.5309
6.3155
5.1289
13.346
22.449
11.757
15.892
39.782
24.523
24.017
5.062
4.4138
5.2594
4.6297
4.4342
5.5
5.6174
9.0713
11.033
20.264
20.281
20.429
25.901
45.981
31.037
31.874
24.817
10.48
3.1166
3.2731
4.6125
3.3288
4.1263
4.6531
6.7454
8.4158
5.3333
4.7591
4.872
5.5056
5.7262
5.6688
5.583
6.0235
5.7427
8.6912
13.559
17.425
22.783
16.506
10.734
17.575
19.225
36.281
45.509
37.355
8.1352
8.5215
3.0528
2.5637
2.6211
3.3446
5.0205
4.5794
4.5533
2.8756
3.5352
3.7251
2.9001
4.578
3.5956
3.878
3.9853
5.0626
4.2118
3.7066
4.1046
4.8378
5.4608
6.828
10.939
15.181
14.464
38.871
29.066
29.229
14.525
14.302
5.9151
2.6549
2.518
2.3501
3.1814
3.6457
2.7526
2.7398
2.7199
3.3236
3.8382
5.1371
5.3559
4.8685
4.3474
4.8305
6.4595
6.3596
5.4532
5.0735
4.5057
4.8424
4.8553
4.339
5.3443
35.785
20.738
22.068
18.59
14.796
8.5894
6.6259
3.2537
3.1863
3.1907
3.7442
5.1059
4.0175
4.7415
4.5361
3.9303
4.4507
6.1283
7.9117
7.2683
8.3036
8.361
6.2526
7.137
6.2536
5.542
4.9634
6.5245
6.6973
9.0915
38.023
17.113
13.201
14.126
20.169
10.107
13.571
5.7625
2.415
2.3951
2.7982
3.0693
3.9842
4.7223
5.4863
5.6017
5.9457
5.8095
7.1707
6.2014
7.3062
6.536
6.0583
5.0233
6.0803
5.0604
4.5822
4.4485
4.5527
7.9571
29.214
31.727
16.671
7.366
24.931
4.0863
3.4064
3.6609
3.146
3.0441
2.9662
3.1458
3.3313
4.8684
4.7555
5.5041
6.0121
5.3256
5.2612
5.8052
5.2967
5.433
4.7106
5.8026
6.2736
5.1276
5.3738
5.0707
4.4024
4.4116
31.879
17.382
13.613
9.8663
5.8242
7.0754
9.6957
4.9558
6.018
5.1064
3.6719
4.0899
3.5681
2.9154
5.0145
4.7515
4.7141
4.0564
4.3104
5.1294
5.2498
5.656
4.8965
5.5187
5.1944
5.3947
5.4427
5.4123
5.9086
5.9895
31.682
75.421
25.396
17.044
18.707
15.219
24.211
16.144
7.2936
5.3193
1.6899
2.0559
2.0497
3.2079
10.254
12.362
12.496
9.5596
7.1209
6.3632
8.2457
5.571
4.813
12.18
0.3973
34.661
51.251
0.62159
0.32919
0.36362
51.806
50.956
30.888
23.806
11.37
16.144
35.637
36.726
7.3683
4.9069
1.9901
2.7243
2.584
7.5435
17.923
16.815
15.265
16.232
11.597
7.6265
7.7435
8.4618
8.9954
15.033
26.913
35.863
19.569
23.238
0.42896
0.44183
42.468
59.425
24.608
27.978
12.996
10.063
16.798
17.86
6.4129
3.9788
2.2311
2.3463
2.4897
10.567
18.748
6.9394
5.7481
8.9102
13.245
8.3136
8.0423
6.8171
9.3028
2.9626
50.722
33.154
28.017
41.427
27.782
0.55373
0.39192
52.019
36.153
19.325
19.12
18.849
23.026
12.769
8.3875
4.1408
3.4499
3.6186
3.1744
10.832
12.426
12.256
14.833
13.1
9.2776
7.0261
7.0116
6.7837
11.734
10.828
23.635
19.402
27.196
31.167
3.1618
0.92171
14.15
53.154
47.306
25.742
26.626
18.514
36.563
29.031
5.9284
7.5358
5.6776
7.3807
6.3788
8.5039
21.102
15.852
8.971
15.439
4.6697
7.4348
8.1955
13.419
19.498
21.165
21.119
20.018
20.046
55.047
36.64
41.263
27.979
41.688
36.893
21.824
31.515
33.007
24.497
25.681
24.471
17.43
12.423
9.9316
6.1144
2.5456
27.114
23.922
19.903
12.78
7.0346
4.8444
7.8377
16.26
20.907
21.421
22.621
20.89
17.702
33.672
29.411
14.279
36.732
18.12
31.145
44.987
5.3275
10.04
33.267
27.692
25.046
30.454
16.889
15.407
16.678
18.241
29.007
24.293
18.304
19.073
16.97
19.554
9.0165
19.053
26.059
24.868
23.746
27.48
17.736
20.349
19.58
31.154
21.373
16.196
47.892
43.75
47.149
17.384
30
40.416
38.715
31.725
23.784
35.154
16.081
29.938
32.417
31.914
22.206
23.582
18.652
31.014
24.205
30.329
27.392
26.132
29.686
29.368
9.7808
21.85
31.769
40.308
26.124
13.149
24.248
50.157
45.73
25.165
32.148
35.784
24.453
16.707
19.008
18.709
17.374
24.82
33.582
33.978
17.67
20.318
17.659
25.019
22.791
29.81
27.26
19.73
27.156
14.21
7.1657
19.292
27.777
26.145
20.488
25.94
39.013
33.581
57.39
34.794
37.269
25.854
27.12
22.153
21.811
24.106
18.172
19.189
30.367
23.844
26.578
24.618
18.237
23.665
26.294
18.551
20.367
19.364
29.939
31.839
8.6404
18.635
15.816
28.665
11.783
20.448
19.08
39.806
41.287
35.666
13.106
12.477
7.3135
7.1957
5.1037
6.0612
7.5103
12.291
29.943
19.326
19.595
9.8382
7.8594
8.6095
14.444
9.8883
14.829
13.511
24.467
15.994
12.83
6.9007
15.408
8.2814
6.5891
6.1867
25.751
34.312
35.387
23.921
22.895
6.8717
6.5733
7.2462
7.6217
5.9077
6.0549
6.9259
18.563
16.594
12.873
15.999
9.9199
9.3536
10.125
8.9132
7.5981
7.7925
29.576
24.72
15.889
20.587
10.501
35.41
9.4501
7.7377
28.928
25.88
30.497
29.885
28.906
9.4094
6.9992
7.5927
6.1733
5.4195
4.2579
5.7521
4.7521
4.6349
6.5614
4.7074
4.7081
3.7793
3.92
3.6366
10.673
19.132
21.73
21.113
18.122
17.39
18.62
40.189
4.1446
4.123
20.245
23.893
23.21
24.211
25.646
17.875
9.8434
12.027
4.8014
8.4185
5.077
4.697
4.5998
3.5683
6.0095
4.1825
4.4553
3.7689
4.9532
4.8892
3.919
6.5563
15.079
21.999
20.116
15.399
35.754
38.354
2.8193
3.1108
5.9831
6.4674
9.7432
3.714
6.4772
7.8405
8.8098
12.455
8.7599
7.3746
6.9523
6.2061
7.2364
5.7427
5.2229
7.0049
5.8002
5.7613
6.0164
6.399
6.103
5.0283
4.8965
5.5199
5.2771
5.8057
31.961
40.57
4.003
4.0332
5.5844
6.6005
5.4648
6.0013
6.1397
5.4323
4.6605
5.1346
5.856
6.1487
8.4612
7.4137
6.246
8.122
7.7016
9.6449
10.979
8.9827
7.5434
7.881
9.0277
8.5553
7.0161
5.0778
4.3573
4.6954
4.0195
7.2853
58.051
53.845
29.357
17.278
17.914
8.8318
14.45
4.397
8.421
17.027
30.702
51.486
22.895
6.5144
7.0294
8.9077
5.1989
4.3032
5.7932
7.1999
6.3432
3.6563
0.82837
0.42802
0.36329
0.32346
0.37098
0.51564
0.50676
0.7024
45.506
43.321
42.561
19.017
18.235
26.28
36.857
40.738
32.432
52.999
53.068
50.72
12.161
3.3264
8.8852
10.207
8.4218
7.4468
6.1842
7.0104
6.767
6.7055
19.115
0.73186
0.57721
0.51064
0.387
0.52221
0.83236
0.59734
11.213
11.437
27.893
20.977
22.966
29.194
8.8636
19.475
9.7379
37.639
44.133
21.392
5.243
3.8253
7.9484
8.28
8.3382
8.1536
8.6846
8.1645
7.7247
7.1081
38.684
47.725
0.69332
0.41779
0.41415
0.5515
0.73804
0.46074
45.336
39.034
17.406
50.603
23.361
25
22.774
30.699
9.3281
10.77
8.2397
5.8665
2.8437
2.6676
7.2668
11.594
7.7044
7.0075
10.711
7.312
8.4084
7.2681
8.7691
13.489
0.66876
0.65373
0.45972
0.45848
0.71527
0.43657
2.1725
11.426
7.7786
16.781
25.647
25.37
19.106
19.942
10.233
6.5027
4.4256
2.1377
2.8071
6.6949
8.824
11.751
8.4724
9.8814
10.896
8.7091
8.6139
8.9902
13.339
16.349
41.816
43.757
44.72
20.445
0.71248
0.43316
10.368
8.3499
16.869
10.962
18.662
15.598
19.873
11.662
4.2918
8.5135
3.7406
2.0843
6.2764
11.344
16.307
15.062
7.8763
8.661
8.7586
9.449
8.5659
8.0168
13.974
5.3783
45.227
55.942
45.854
35.801
10.733
0.49242
20.33
22.436
17.492
17.108
28.029
10.012
18.413
20.77
7.9542
9.2033
4.146
3.6808
9.6393
10.038
15.956
13.794
8.6777
8.6134
9.3322
6.9735
8.8022
8.2361
13.201
11.884
15.947
26.18
28.509
35.048
15.116
15.667
26.178
22.634
19.883
25.205
27.398
8.6507
10.458
20.043
21.505
7.0739
6.5243
7.5991
10.116
18.367
14.722
12.788
9.0522
9.274
8.4251
6.3941
8.5008
10.354
18.506
20.568
22.711
27.014
27.432
33.013
29.335
38.923
13.091
25.003
24.646
24.947
20.068
9.5091
10.025
8.6296
9.6091
10.041
7.5034
9.9252
21.978
18.378
13.649
14.178
7.8937
8.2122
8.1833
5.2002
6.6365
11.551
20.481
20.895
30.044
38.95
21.41
31.785
16.867
12.746
17.168
23.831
22.312
27.788
22.559
14.674
18.082
26.766
13.685
16.699
11.509
10.156
42.055
20.118
18.119
26.138
20.045
11.465
12.798
13.511
12.605
11.657
21.76
32.463
32.958
26.541
18.432
26.029
21.146
16.536
17.994
12.046
25.012
29.767
32.678
45.376
38.887
35.314
18.716
28.09
32.151
22.376
35.248
24.294
43.532
43.74
29.43
32.781
28.164
36.945
31.335
25.039
32.222
33.263
27.145
27.511
19.898
19.146
27.222
29.837
12.558
15.778
16.898
18.122
26.58
34.783
41.343
40.53
21.973
31.005
27.239
29.582
37.389
15.782
26.333
20.808
24.021
34.761
27.126
26.779
28.802
25.721
31.312
28.644
21.196
25.544
21.655
15.576
27.205
31.959
6.9441
12.486
17.2
14.597
22.832
36.171
36.164
46.495
31.554
28.714
15.852
43.711
45.542
19.92
19.818
19.994
21.848
19.802
24.563
22.696
22.993
32.014
26.372
27.151
23.206
29.28
21.501
10.391
11.445
14.824
10.845
11.643
30.549
35.767
17.549
32.707
42.811
56.235
34.553
27.839
24.942
43.328
24.094
26.148
31.928
24.446
21.725
10.797
18.6
16.58
13.516
21.107
15.338
18.178
15.284
17.779
4.8719
3.7844
14.508
19.519
23.985
27.451
29.073
28.102
31.162
28.725
8.9731
25.658
40.061
34.452
28.398
29.304
28.712
26.208
21.026
9.3015
8.076
6.5804
6.7428
5.7479
6.0219
6.5737
6.9627
7.0929
6.5743
24.493
22.275
11.548
7.9629
7.5392
4.0057
10.009
26.082
30.318
39.835
41.93
39.503
9.5337
18.075
41.225
40.268
25.739
24.092
27.568
28.381
8.0946
7.2647
7.8898
7.9977
6.2655
6.5558
6.6774
6.5639
5.5811
6.1835
18.743
16.846
6.0158
4.1578
4.6958
6.2927
41.152
40.094
6.692
28.999
16.229
29.323
7.5572
21.401
16.796
0.22052
0.32942
21.712
23.723
12.361
5.7332
4.919
5.0273
6.159
4.5353
3.7648
5.5501
1.8799
0.28625
0.34099
0.26796
0.42472
0.3025
1.1122
1.2659
22.388
53.913
55.571
41.001
40.091
39.039
29.058
5.8096
17.019
22.678
0.41809
1.312
36.11
29.85
11.907
7.0908
6.9716
7.1417
6.0903
6.0795
6.7093
3.9428
2.8407
0.96477
0.96107
0.9708
1.1605
1.2226
1.1725
1.2826
56.779
65.424
70.222
52.805
25.02
36.387
20.561
5.4705
5.8898
4.5742
0.51423
44.817
31.705
10.95
4.1221
6.7863
6.0428
6.7498
6.0271
8.0705
7.1552
5.8068
13.726
0.62105
0.58971
0.50803
0.34661
0.41225
0.74253
0.56785
51.433
62.51
65.005
60.503
27.62
18.01
16.627
25.952
8.2156
26.632
35.197
36.901
10.635
3.6247
6.0069
7.6598
7.9915
7.4462
7.0046
8.1248
6.4431
4.9625
15.961
30.346
0.63873
0.48239
0.33659
0.43986
0.63966
0.42425
40.506
56.47
33.447
39.413
22.687
7.0978
8.4541
7.2733
7.4485
7.323
7.6726
11.722
3.2887
1.8778
4.2656
7.8905
7.6669
7.5474
7.5173
8.3253
7.4276
7.233
7.0594
31.646
8.2792
0.61434
0.40172
0.40262
0.59663
0.43765
57.056
31.591
12.226
13.908
24.562
15.373
9.5451
4.5678
7.5063
8.4792
6.4781
3.5804
2.348
2.0505
2.9064
7.9996
6.5491
6.2624
10.312
8.0401
7.4275
7.7288
8.179
3.2827
18.669
29.144
23.064
16.518
0.60545
0.4932
36.731
44.829
14.403
14.727
19.108
15.453
15.663
10.83
4.0555
6.0103
3.6233
1.9099
2.3786
2.1539
2.879
7.3311
6.9325
7.5631
9.3134
9.2975
7.1717
6.9666
7.3503
5.2404
13.556
42.551
41.19
42.251
19.028
0.58712
52.114
36.995
20.682
10.961
23.697
15.941
17.104
9.6487
2.2465
5.5457
3.2138
2.1378
1.9646
2.1758
6.6639
11.341
7.7791
7.2247
9.0602
8.4249
6.3641
6.9887
6.4415
7.4788
2.2461
11.567
22.511
19.288
16.937
0.65483
10.06
49.008
54.383
40.237
36.539
10.332
6.3333
6.2478
3.4622
6.3971
4.1301
2.7847
4.2979
5.6755
10.833
16.523
12.258
8.8644
7.2187
5.184
6.6692
7.9301
7.66
16.228
20.791
19.114
21.988
20.445
25.938
32.129
6.349
52.506
43.18
9.7959
29.799
26.444
24.324
7.7425
4.7384
5.5095
4.7805
4.5042
8.0961
11.763
6.4447
8.7521
8.2458
7.4875
6.2741
4.659
4.7264
7.0449
12.821
19.265
17.66
19.909
19.327
25.512
19.421
13.063
26.685
16.548
24.63
14.6
23.707
43.899
35.323
22.215
4.1967
6.4817
5.1002
5.113
7.5658
14.782
20.864
18.366
9.4104
8.9244
8.8843
8.01
6.0724
8.1146
10.982
20.006
21.312
16.297
12.609
19.133
22.643
8.6095
19.544
36.018
47.838
27.051
13.183
38.11
26.498
31.005
19.681
8.6469
15.55
8.2417
11.267
26.315
28.004
11.047
24.223
13.278
10.833
17.178
20.389
18.254
14.269
23.786
22.539
15.691
13.88
10.67
19.887
13.98
32.947
19.79
30.022
5.2215
9.2346
22.52
29.176
24.03
14.505
18.855
24.878
16.89
16.304
26.528
25.366
20.618
24.299
19.33
27.498
21.384
31.912
23.931
23.708
24.345
24.829
16.323
17.263
8.7135
17.846
15.039
12.226
12.566
46.885
12.199
10.468
15.385
19.462
11.682
10.471
13.402
16.833
11.28
14.183
23.514
32.568
18.679
25.162
14.117
21.092
15.453
19.749
17.778
18.199
22.622
15.157
14.365
28.292
24.352
21.556
16.634
30.623
24.007
13.234
15.134
18.345
20.79
18.534
9.6913
17.729
20.349
14.499
14.673
10.894
20.798
26.546
19.861
14.522
11.455
19.45
16.059
13.736
14.024
24.064
14.874
20.277
11.862
25.576
19.61
8.2387
8.3794
16.015
32.634
17.073
8.2347
16.104
12.173
26.628
26.087
26.942
17.131
14.074
10.555
9.5593
21.769
26.137
19.923
13.448
14.889
11.63
14.589
5.8925
6.3836
12.646
8.8703
12.842
10.457
19.987
22.036
8.5105
6.4451
