1.508
3.4399
1.7261
1.651
4.7329
1.9216
3.2368
2.0815
4.8923
5.4233
2.5194
4.1972
4.9736
2.3558
4.4097
3.153
5.2853
11.856
3.9796
5.4689
7.3256
4.4496
2.9745
5.661
10.663
3.0629
3.3201
3.2786
2.4545
3.4723
16.016
4.0184
4.427
4.2952
7.3219
10.702
8.7763
9.579
10.402
19.023
9.9516
6.9285
4.6138
4.0192
5.4676
10.84
14.233
13.132
13.434
6.7646
7.863
16.167
10.275
10.309
8.928
7.0015
9.4773
5.4381
11.229
5.4518
5.5745
10.712
6.9543
4.2355
5.6404
11.142
15.028
9.8673
6.7102
20.329
24.755
25.935
14.461
6.1192
11.383
5.9016
14.407
20.383
13.227
17.369
6.426
11.633
9.4215
5.6658
8.8916
5.2921
7.9838
4.4246
6.9349
11.027
21.101
13.277
4.7929
5.1448
4.437
6.7163
17.964
17.347
3.0225
4.2707
14.973
5.2927
13.479
5.7748
4.3759
6.0257
16.312
15.288
6.2032
11.77
17.421
18.265
14.798
6.4238
14.85
8.5412
14.878
3.4641
2.6401
3.499
5.7604
9.477
4.868
10.645
8.5797
4.4656
10.61
4.0197
10.17
10.735
6.2849
7.9982
5.413
6.1042
7.9031
4.9918
3.8645
2.7639
2.4495
2.4385
12.437
26.049
21.542
4.4019
10.469
9.3627
12.131
4.4398
12.503
11.679
3.0704
9.4675
8.3541
12.732
12.794
5.2855
5.8666
8.5304
8.8051
16.417
5.4724
6.0049
4.2349
11.16
8.2285
17.482
12.336
5.8863
2.1252
2.0574
2.1871
26.967
25.424
13.304
12.623
11.236
4.4724
5.0736
10.486
3.0365
7.0062
36.939
5.756
17.319
22.204
3.6408
4.4692
9.6447
7.8681
8.0537
16.574
13.429
9.2076
11.279
18.096
24.31
23.092
11.725
2.2066
2.192
3.1162
19.467
19.55
15.878
7.4956
5.6902
12.643
12.162
5.8441
4.8571
7.5089
36.533
20.93
6.5538
2.1488
2.3776
7.122
12.517
5.6719
6.4973
15.564
14.526
6.9153
17.735
18.373
6.6083
5.3724
6.9929
2.0558
2.1025
12.724
16.367
20.028
31.984
7.7489
5.1057
6.7207
9.101
9.3761
14.833
30.199
28.841
6.6484
7.1598
3.0783
6.5037
12.73
16.177
4.2837
7.9799
25.493
17.182
22.718
25.414
22.884
6.4555
3.4435
5.6307
2.5111
2.2053
6.2853
8.6662
21.151
39.076
39.835
6.9702
6.8922
3.9883
5.828
11.089
2.9105
4.4781
6.5445
8.547
5.0926
4.3269
7.4584
11.316
13.44
14.656
11.017
19.09
25.497
21.747
12.416
6.1594
2.3958
19.628
25.199
10.373
8.0748
14.483
25.661
32.769
18.632
4.3459
4.5138
3.9849
19.031
7.3099
7.1794
3.2329
7.0013
7.6063
9.7998
8.9251
12.278
7.2081
5.243
12.562
7.3672
14.449
12.36
6.0463
18.925
21.826
8.6144
10.067
20.811
21.199
4.0028
20.464
11.926
13.841
13.706
4.5007
3.2633
2.4439
3.9901
5.6615
2.2986
4.8045
7.8981
7.4015
3.8625
16.666
12.465
16.408
3.5556
4.2696
5.3627
8.8713
17.375
31.134
29.81
7.4426
8.2049
6.5948
7.5182
7.1999
3.8809
4.1679
3.9986
3.8507
3.125
5.7603
3.9468
5.5584
4.7896
6.8909
10.441
5.1001
4.6091
6.4051
3.6835
16.855
20.256
17.77
6.5821
3.3991
4.312
4.2283
5.7803
31.511
9.6869
10.326
7.336
6.2302
5.6927
2.6833
6.6466
7.6337
4.1068
3.3774
3.1898
2.0258
2.9943
2.9593
2.2944
21.012
24.418
37.837
40.04
36.29
5.6939
18.561
21.432
20.493
11.368
2.9585
3.2178
2.5998
17.998
25.288
13.579
11.71
9.6514
7.922
3.123
4.4673
5.7415
10.248
12.032
2.9351
3.0428
3.5626
2.8058
2.0215
2.1461
13.28
26.7
38.12
42.868
34.474
30.631
19.226
22.872
23.297
4.2651
3.0257
2.7959
2.1035
14.125
7.4562
16.144
9.9368
8.1389
6.6667
2.7299
5.8467
3.9161
18.135
18.689
3.0079
2.5233
7.2386
2.8296
3.0821
3.2794
5.2378
20.657
30.439
32.69
29.226
29.146
29.258
26.241
34.012
12.645
2.9471
2.7072
2.2215
10.022
11.231
13.249
7.5873
8.6877
8.796
4.0304
2.1924
3.3685
13.332
11.566
2.6973
2.8949
2.5161
1.9383
2.918
3.5255
3.7069
4.7737
1.3275
1.2316
3.4601
2.3414
2.5318
1.0754
1.2124
1.3598
1.8161
1.2876
1.3989
1.3879
2.2735
1.9536
5.255
5.9006
1.8785
3.1773
2.7692
2.067
3.9513
1.2651
1.147
2.2028
1.2589
3.7391
1.3663
1.7255
3.7806
5.8129
4.3965
4.2286
5.6839
7.7117
9.3759
10.719
4.5518
7.3341
5.402
7.5862
4.2454
8.5381
3.4147
2.7081
2.2669
11.469
11.002
13.36
6.2954
3.3771
5.1791
7.7441
5.896
3.3002
2.6052
6.1437
3.1068
3.9195
9.9938
8.3087
7.497
3.6612
6.0732
7.0657
12.175
4.7404
6.3009
10.312
7.417
8.1208
5.1082
7.3914
3.797
2.1902
3.7571
9.8097
9.0097
18.03
21.031
10.353
9.5936
9.6977
8.0862
5.2232
3.6655
8.8868
7.7192
8.4191
17.581
4.5159
12.705
24.5
16.781
11.687
6.5417
6.4277
5.2301
3.561
4.0348
7.7523
2.8027
7.5236
8.5533
9.1605
5.6685
8.4782
20.448
24.051
30.248
18.765
16.539
27.337
24.798
1.2892
7.4088
18.95
7.1304
11.456
11.146
4.1417
9.4328
18.985
11.893
3.9143
5.976
7.6268
6.0048
4.9932
9.1738
8.1457
9.5085
6.7704
8.5521
6.9205
10.966
5.6349
9.2802
11.422
9.5977
7.2335
2.5425
19.114
16.041
8.0868
12.431
2.8657
4.4041
6.4858
7.6957
7.755
6.7486
8.0617
8.4569
6.6604
12.853
13.835
28.427
16.305
14.617
16.499
21.45
8.9316
12.855
7.0661
28.198
17.412
12.347
19.433
4.6123
3.1609
3.8758
23.697
17.961
9.2923
11.188
7.0617
6.1477
12.78
15.365
6.8004
18.02
18.059
13.835
2.9162
18.46
17.221
30.738
13.981
11.944
15.595
21.55
19.21
25.944
38.078
28.012
7.7103
3.5154
21.764
22.67
2.7658
2.3027
6.3606
19.397
10.986
8.2299
8.7804
7.6247
9.5114
13.352
2.3426
8.3727
14.336
1.2646
3.31
13.09
16.424
14.477
10.813
14.34
15.617
12.793
26.292
22.754
16.426
8.4661
5.1515
4.9733
6.4822
10.012
13.317
2.3107
3.0337
13.62
14.892
11.37
4.2292
7.7526
9.9654
8.3413
7.2297
14.405
15.18
10.013
1.4789
31.267
11.654
8.9514
31.729
32.457
8.0651
9.6071
12.873
11.851
13.558
9.5292
4.3347
7.6433
8.4309
15.315
4.4289
2.426
2.2313
4.6275
8.933
20.34
7.8974
5.7928
8.2427
7.7309
3.9889
17.06
18.353
15.277
11.274
19.473
10.91
9.6749
18.723
26.544
31.776
29.941
11.303
8.1949
2.2161
14.827
17.411
12.48
15.854
6.6591
4.8981
2.3787
2.7718
15.146
15.396
18.867
15.293
6.1022
4.8476
5.977
3.062
2.93
12.139
20.816
11.615
20.669
24.084
13.542
11.303
8.7311
20.143
25.361
9.6231
5.6684
5.6454
8.4469
8.8087
14.316
8.3266
19.604
23.428
2.2928
2.1571
18.435
16.861
4.2138
6.3407
6.0025
2.5873
8.7771
2.3917
4.7768
15.396
15.022
8.1448
8.8408
19.793
26.662
36.507
34.858
27.624
6.8921
5.1505
2.3602
8.238
7.2658
7.9515
9.9023
4.9205
25.889
21.278
2.0498
2.0043
10.395
13.558
2.8043
12.424
8.015
7.1177
3.0931
3.2422
23.797
9.1932
4.1979
3.9125
3.6024
7.1925
22.15
31.467
31.84
34.092
6.024
5.2099
3.4452
8.1446
9.212
3.077
6.4415
7.6034
24.933
2.224
1.8849
1.8922
4.7724
14.014
2.2474
9.6371
12.892
8.3291
4.3994
2.8559
23.904
23.512
6.3548
9.0547
3.8006
4.3622
9.6748
25.608
33.357
38.496
4.8517
3.9077
2.5812
5.8215
10.134
6.0708
9.6797
6.8142
25.399
5.2086
1.9323
2.9638
3.5114
12.61
5.596
4.7196
3.3584
2.2248
2.7256
4.1963
16.787
32.954
16.554
16.014
5.0599
5.5772
15.587
27.262
33.831
40.921
5.6389
3.9018
1.9874
5.1198
11.325
7.8766
8.8221
7.2453
21.763
8.4466
6.6735
6.2551
2.5297
14.4
7.3937
15.764
15.495
11.309
7.8053
5.1533
10.245
33.167
16.597
12.581
3.288
16.049
9.2822
31.844
32.046
18.824
4.7453
4.3926
2.2212
4.1432
15.28
13.002
8.7427
5.7032
13.163
8.5334
7.1344
11.294
2.1085
10.69
7.3686
10.224
6.4709
5.7613
6.795
6.4312
7.0062
4.2088
9.0278
12.424
9.3275
11.752
11.068
18.494
13.356
14.141
12.308
17.258
10.353
9.9168
11.931
15.681
12.19
7.6497
25.644
12.538
17.454
8.3182
10.811
11.812
8.5434
11.124
6.1474
11.498
13.991
17.494
13.254
14.217
14.428
15.724
32.771
16.378
26.828
26.919
22.931
23.44
14.772
24.751
23.324
19.984
20.319
18.485
18.846
10.206
27.252
20.29
19.206
26.058
15.12
12.268
19.506
13.582
12.197
10.3
14.029
12.628
21.782
20.843
8.7414
9.5877
11.779
13.653
22.605
36.302
28.703
33.419
19.591
22.911
18.039
16.07
22.318
13.989
12.074
19.79
20.763
35.626
23.09
16.129
25.831
8.8746
21.046
13.318
18.484
11.211
15.012
15.142
14.593
25.103
40.655
30.014
19.26
19.062
3.0456
13.894
22.762
9.2307
13.535
26.622
11.848
10.518
12.663
11.724
10.201
18
12.645
18.342
30.975
21.71
36.197
31.634
20.173
13.54
36.677
10.402
26.388
15.454
27.484
27.393
18.618
19.581
13.186
13.079
4.0272
9.4066
7.4323
4.9066
24.237
14.796
13.97
24.543
14.81
8.4832
20.721
14.436
3.7104
4.2779
3.1594
21.695
27.682
38.499
20.027
12.921
11.706
15.752
19.055
31.543
39.72
34.604
8.5867
10.957
17.056
13.438
7.0526
10.295
7.5834
28.679
16.131
9.7927
4.9763
10.31
24.721
15.95
15.102
21.139
3.8711
4.9063
2.8185
18.609
22.019
21.868
8.4704
4.1604
5.9132
20.314
21.07
20.399
12.48
12.644
9.9409
16.539
28.757
6.2433
5.8634
23.696
48.659
47.963
8.4086
6.2402
5.8399
8.1207
13.941
16.39
15.723
19.884
18.145
4.0618
3.6092
25.003
13.368
9.6741
8.0358
3.075
10.299
18.458
12.421
12.854
13.883
12.286
6.7159
8.2776
15.195
9.0805
8.051
20.752
40.857
35.941
8.3794
13.801
11.63
12.974
18.44
20.218
21.013
25.215
19.86
6.1593
5.5267
8.7838
14.256
15.678
9.3691
5.9861
19.868
17.259
15.813
26.339
18.184
7.5337
12.253
12.245
16.884
20.531
11.837
26.119
18.103
22.081
7.7292
6.2815
22.571
16.216
22.881
26.224
17.595
12.582
12.963
7.9204
9.5539
9.5023
13.444
16.63
6.3862
6.6973
6.5522
5.9847
6.311
22.69
24.386
17.082
4.1959
9.2254
12.744
26.599
24.133
27.67
27.211
36.517
26.108
17.954
19.857
16.25
18.93
24.261
10.135
17.349
9.1836
7.7084
12.259
17.552
19.357
19.79
8.1632
2.4096
6.2555
4.5516
4.1883
7.3229
26.409
7.4608
4.4763
12.562
17.008
30.197
34.918
22.393
7.4016
8.1968
19.199
23.317
17.263
7.4354
25.291
23.471
19.05
14.076
8.5129
11.194
6.9482
11.052
27.008
20.685
12.552
6.0573
4.4814
5.0508
5.2837
4.2353
25.13
4.1024
5.9994
7.6253
23.321
8.9495
31.249
19.151
8.4583
6.9174
6.833
9.0175
16.641
8.2295
23.861
24.423
21.084
13.85
10.668
8.9775
10.081
6.8416
30.234
27.217
13.925
7.2538
3.2743
3.7711
6.9383
6.0975
28.67
3.7597
5.2031
5.8255
22.488
13.183
33.058
17.78
7.4928
7.0935
9.471
35.858
30.133
17.58
13.205
14.462
16.134
12.096
11.12
10.898
10.579
6.4854
8.2277
17.682
11.101
4.0238
3.1667
10.911
9.7657
8.0549
17.556
13.764
8.7251
6.4496
24.077
8.6576
31.661
20.34
8.5644
6.3538
32.813
36.32
26.524
18.582
4.8378
8.4579
23.752
27.524
11.638
12.238
9.998
7.7707
14.413
8.2381
5.0961
1.8412
2.1396
6.0786
6.6582
5.5849
14.87
6.4475
20.517
16.116
3.003
4.5044
17.793
16.638
6.8053
6.6142
21.796
36.368
25.416
22.253
4.4466
2.0937
17.99
19.836
6.8519
7.0877
7.4219
7.767
23.978
24.885
2.3948
1.3807
2.3954
4.7693
4.313
12.078
19.18
3.4821
6.7903
14.821
5.6158
5.7309
17.417
14.809
7.2275
5.5356
4.0172
45.659
26.693
23.091
8.4434
3.886
5.929
22.224
8.318
8.0172
5.8228
5.7789
25.796
23.024
9.5861
9.0168
7.8545
4.8297
19.597
13.255
11.709
8.0504
3.6526
2.4623
3.6228
4.9372
4.9676
3.5521
4.8979
3.0552
5.1733
3.204
2.5365
2.44
3.4328
2.5202
6.8362
2.9383
3.8196
4.5065
10.35
4.0959
5.5476
6.6456
3.6764
7.7721
5.8091
1.5548
2.851
9.2681
15.689
7.7266
10.637
11.936
8.4219
14.076
6.2103
6.2171
7.9653
9.5213
9.9838
5.1839
8.578
5.3525
8.1663
12.507
4.8302
14.463
10.77
5.7981
8.2445
9.3503
9.4697
11.392
5.3479
12.094
7.52
3.6525
5.5144
6.7435
10.049
4.9767
9.1052
17.132
13.153
5.048
7.7788
20.52
17.261
17.583
8.9889
8.2189
3.9498
10.827
17.722
22.959
7.752
15.387
21.294
10.713
7.3063
9.7713
5.3778
14.125
13.59
31.472
10.41
6.5493
6.0591
4.0321
16.783
18.347
9.4492
19.453
17.885
9.0359
7.7692
8.93
4.1588
7.6863
8.8926
7.6544
6.6136
14.45
12.393
10.533
11.724
6.6494
13.658
9.5604
12.879
7.2317
6.1615
4.6462
13.733
23.342
22.476
2.8954
9.6096
6.0921
38.008
16.303
7.0818
25.215
6.6133
4.1718
12.24
6.6778
5.4796
8.0556
9.5583
4.2371
7.7451
8.1371
9.8396
13.651
16.04
14.182
10.735
15.996
14.345
7.3815
12.528
16.738
26.526
24.587
7.9254
12.737
7.1413
12.594
12.961
9.516
6.946
9.4565
7.3949
18.713
37.107
17.667
19.255
7.6731
11.322
4.5408
4.3954
8.7193
11.498
18.839
17.661
19.313
14.818
10.192
13.051
15.386
9.4666
17.457
23.518
16.319
35.145
4.0185
9.2964
25.464
20.338
5.5179
5.1458
8.0655
10.946
32.344
54.15
8.7
5.6009
12.349
16.654
6.1615
11.442
36.248
46.902
20.632
17.025
18.289
5.447
4.7342
6.1328
13.614
33.687
26.92
22.272
12.14
14.649
12.505
11.259
14.352
26.968
38.015
19.249
6.2351
35.871
24.89
34.273
9.2387
6.015
19.381
23.223
15.741
30.622
38.202
21.698
18.112
18.096
9.8012
6.0142
8.7758
11.141
22.984
37.377
20.922
20.698
32.309
15.768
11.959
9.0072
26.267
6.3115
16.273
24.54
24.116
41.164
47.829
38.533
19.224
7.8348
23.176
32.324
18.361
13.046
26.844
30.099
15.884
20.993
22.835
11.546
18.079
10.213
21.882
14.181
9.6737
15.28
17.147
7.5147
10.366
8.7351
10.78
8.8832
26.116
35.557
10.763
40.647
49.722
21.214
22.841
18.821
32.583
22
29.076
14.909
16.59
26.622
19.011
24.608
24.389
11.711
26.073
23.267
26.041
9.948
10.401
17.745
21.051
9.3712
9.1217
12.433
10.333
23.676
33.881
25.489
10.275
23.094
6.7906
6.9706
6.1381
7.2898
21.702
16.769
27.486
34.649
25.657
27.911
34.797
29.517
32.513
14.851
25.004
26.628
9.1778
10.344
13.103
8.769
28.301
21.343
11.923
6.9159
16.371
10.345
16.257
18.064
15.186
24.309
11.95
8.9841
6.2162
8.9097
28.879
26.515
7.5269
15.345
28.297
40.314
38.725
13.368
14.337
13.665
16.115
12.787
4.0294
2.9754
7.896
17.157
9.6205
5.7941
10.942
8.6306
12.068
9.3794
12.797
14.597
9.69
17.039
11.568
10.742
7.5574
20.254
32.504
21.334
6.4516
6.8345
12.979
18.548
20.167
15.749
23.931
22.349
10.42
10.111
9.3403
2.8311
9.932
12.891
6.8236
9.6382
13.501
8.7989
9.9486
15.024
7.6414
8.1942
6.3588
11.408
8.2847
7.3354
7.5228
12.121
31.31
23.813
16.262
9.3304
14.592
37.76
48.565
12.456
24.545
26.825
18.782
16.463
13.679
6.1136
10.248
12.974
28.754
51.209
44.893
5.6668
11.777
12.051
9.5288
10.974
6.7135
8.9742
6.9377
6.5911
7.8877
5.408
32.834
20.728
15.382
17.495
14.928
29.166
34.135
13.853
17.858
19.781
14.346
14.854
7.7837
5.9721
5.3794
29.305
39.228
24.962
4.1987
1.7523
15.446
11.474
9.3162
11.005
7.3172
13.421
6.045
10.452
46.261
45.334
45.974
23.21
25.125
18.535
11.408
23.918
33.238
7.8612
9.6761
14.143
16.095
10.498
9.7167
7.6996
22.41
50.844
28.716
2.8778
5.3821
5.4688
19.957
23.666
13.821
4.8684
3.6915
28.351
13.923
6.8872
6.9325
7.1078
13.072
6.4867
8.3619
3.0515
3.0498
11.249
12.128
4.7828
8.8041
9.7986
12.158
6.1684
5.5525
13.135
3.4693
5.9648
2.6953
6.8188
16.672
3.3972
12.869
19.861
6.816
3.6361
17.865
41.907
13.73
29.144
19.531
4.6062
17.85
7.4073
15.771
20.545
23.234
8.0353
12.088
9.8775
19.762
8.857
5.8832
9.5232
15.787
7.4553
3.6889
14.894
5.7804
16.017
20.041
16.397
16.959
11.255
5.7476
6.5344
22.347
28.62
16.624
17.954
14.885
4.8187
5.9618
12.31
29.635
21.224
22.174
6.0511
7.6065
12.903
9.2173
13.105
9.7299
7.316
5.0501
8.2827
6.5393
8.6298
7.3591
1.5333
16.41
14.547
3.6472
1.6155
2.0349
3.6387
29.757
34.245
19.777
9.9909
11.045
18.027
13.744
17.488
15.454
11.629
11.817
12.605
7.1634
9.4546
10.711
8.0294
17.348
6.5176
8.2202
7.1483
6.6568
8.4545
6.7974
5.0251
8.9649
17.55
1.6985
2.4619
2.4054
1.7833
1.6949
43.468
30.935
18.327
13.922
12.006
17.42
8.0654
4.7891
16.796
9.3749
13.879
12.031
11.218
3.0078
2.3489
11.056
4.4714
8.8704
10.347
14.02
9.8293
8.7945
2.3146
3.338
11.43
36.758
32.835
31.226
29.983
19.4
10.647
17.966
31.007
58.569
54.155
50.66
48.348
33.621
11.7
14.351
8.6688
15.981
12.877
2.4073
2.1611
8.4734
3.5829
14.798
10.89
12.271
10.845
11.518
8.4157
7.1195
6.0906
1.3476
2.5058
13.76
34.706
31.584
33.285
73.388
66.764
64.344
65.841
57.781
25.568
17.309
16.251
17.478
5.0425
25.041
26.365
4.3892
1.9388
7.3272
2.8964
13.827
12.002
11.866
16.454
7.8429
6.819
15.424
21.229
4.2662
3.7849
2.56
1.3941
1.599
7.9821
14.267
51.162
43.97
19.375
19.638
23.087
17.118
12.491
21.616
32.526
37.717
48.85
5.0935
2.9267
9.8327
15.479
17.443
13.77
11.562
18.751
12.219
5.5693
24.266
25.373
3.9598
3.6584
3.8818
3.4769
1.944
15.225
23.612
24.532
24.303
23.513
16.636
16.426
21.632
37.171
35.993
42.229
48.817
18.39
2.6307
2.4178
7.814
22.6
17.866
11.01
3.8276
15.222
17.387
8.308
17.177
22.397
19.648
4.99
4.3618
3.9694
2.566
10.838
36.236
14.193
25.565
25.876
24.281
8.6453
39.983
37.323
30.964
24.992
42.363
2.0365
2.12
2.2418
5.6667
40.35
12.231
14.861
14.52
4.7591
26.286
25.921
27.7
21.211
20.035
8.6183
3.3366
2.9116
2.0423
69.801
45.005
21.802
5.9738
26.914
33.652
49.115
28.284
40.338
42.134
12.937
36.018
2.025
1.9434
1.8657
1.2755
30.806
4.8029
21.871
6.2093
6.2815
5.8719
5.7166
10.281
14.501
7.7446
5.9082
3.4239
5.4267
6.2761
63.297
25.306
3.0186
2.268
18.947
33.223
47.225
45.091
42.376
27.212
17.727
22.96
17.582
2.0164
1.6204
1.9713
16.558
32.725
24.228
3.4353
5.1911
5.395
5.2079
12.897
17.822
5.0998
3.0197
3.4508
3.4343
2.9573
38.907
20.807
2.0548
4.225
8.1479
32.119
28.331
22.857
55.058
30.66
17.097
11.284
13.057
2.533
2.0079
5.0006
11.16
5.605
14.904
8.2118
7.0052
7.2298
5.5193
18.035
14.956
4.2097
3.4628
6.1711
27.035
26.952
18.193
7.6667
3.5873
5.2145
19.797
17.584
14.448
20.599
51.581
33.899
13.574
13.052
6.9529
2.2625
1.869
17.38
16.399
4.2174
10.953
10.628
3.8012
5.3184
2.7971
3.9486
5.8571
22.597
35.716
31.55
24.047
2.4183
1.3819
1.5587
1.6206
1.582
7.8579
18.805
23.22
45.356
48.332
37.112
20.384
23.152
6.4738
2.3711
2.2561
25.689
5.4158
4.9829
11.717
12.283
8.3703
11.24
2.1003
6.6295
4.2876
42.579
24.178
0.87407
1.1895
1.4991
1.4173
1.6911
1.6252
1.671
3.95
11.44
45.172
48.231
58.163
50.444
16.395
17.271
8.4664
1.8507
2.6389
27.195
9.7174
4.4919
12.522
7.1153
7.8064
17.564
1.4867
9.2255
2.8296
