5.7734
5.8153
5.7557
5.763
5.4365
5.6278
5.7165
5.6382
5.5682
5.5849
5.2534
5.1136
5.0307
4.9334
4.9798
4.9441
5.0599
4.5757
4.4377
4.4911
4.5651
4.6097
4.3628
4.4814
4.1527
4.316
4.3248
4.2024
4.1496
4.0277
5.8491
5.912
5.7812
5.9976
5.6717
5.9904
6.0287
5.6355
5.6867
5.565
5.4375
5.1633
5.0397
5.021
4.8982
4.8865
4.8762
4.8276
4.8376
4.5154
4.5755
4.4592
4.5405
4.4751
4.3422
4.5714
4.1859
4.2178
4.3775
4.2357
6.0025
5.7544
5.715
5.7246
5.6642
5.952
5.9157
5.609
5.7465
5.6145
5.3348
5.582
5.2245
5.0427
4.9927
4.9363
4.8025
4.6903
4.6417
4.4962
4.5218
4.4509
4.8189
4.3881
4.3694
4.3068
4.3779
4.2104
4.513
4.4404
5.937
5.7952
5.818
6.0634
5.6862
5.758
6.0026
5.7178
5.7462
5.6612
5.5356
5.4646
5.3106
5.0279
5.2478
5.0672
5.1332
5.0371
4.8872
4.6169
4.7665
4.6796
4.6165
4.6291
4.5384
4.3099
4.5278
4.3401
4.4616
4.3059
5.6355
5.7998
5.8617
6.1017
5.9441
6.3095
6.1667
6.1259
5.7308
5.8202
5.573
5.4916
5.2848
5.1963
5.2556
5.3601
5.2945
4.8886
4.7395
4.6761
4.96
4.8541
4.6115
4.6685
4.7029
4.3899
4.6388
4.3493
4.5815
4.458
5.6624
5.7177
5.8217
6.1514
5.9493
6.0606
6.3249
6.0679
5.8446
6.0214
5.6289
5.7055
5.6953
5.1926
5.3219
5.4045
5.4799
5.2307
4.9848
4.9822
4.9363
4.8731
4.6114
4.8867
4.548
4.7342
4.6189
4.5779
4.6922
4.6691
5.7144
5.8332
5.7299
5.9983
6.1107
6.2644
6.045
5.8216
5.7911
6.0682
5.8324
5.8402
5.6079
5.6565
5.4429
5.4595
5.3871
5.2894
5.0364
4.8553
4.85
4.9296
4.6868
4.9701
4.9134
5.0585
5.0445
4.8283
4.8964
4.6519
6.2589
5.8034
5.6976
6.0191
5.8554
5.8927
5.9182
5.9884
5.8535
6.0162
5.8192
5.5943
5.7132
5.6832
5.4516
5.3515
5.5057
5.2065
5.079
4.9338
4.8705
5.0027
4.8467
4.7723
4.8374
5.0726
4.899
4.9008
4.9774
4.8984
5.6536
5.8081
5.9373
6.0713
5.8922
5.8943
6.1694
5.8721
5.9838
5.8686
5.8504
5.6757
5.6261
5.6093
5.2328
5.3768
5.4885
5.3643
5.1274
4.8871
5.0037
5.0456
4.7106
4.9064
4.8016
4.8776
4.8715
4.95
4.9116
4.849
5.6469
5.6743
6.0361
5.9736
5.9349
5.9122
5.9159
6.1496
5.9478
5.8358
5.6813
5.7473
5.8824
5.6293
5.5604
5.5611
5.4299
5.5349
5.3166
5.2966
5.178
5.2088
4.878
4.896
4.9623
5.1162
4.9664
4.9352
4.9741
4.9188
5.8163
5.8927
6.0145
5.7578
5.8637
5.7067
5.9191
5.9852
5.793
5.7176
5.6264
5.8127
5.5255
5.6738
5.3075
5.4403
5.4246
5.2711
5.2248
5.176
5.1221
4.9023
4.7284
4.8203
4.9269
5.2408
5.0386
5.0313
4.9992
4.8448
5.6897
5.8226
6.0048
5.708
5.735
5.8848
5.7034
5.8723
5.6756
5.8374
5.5811
6.0231
5.8156
5.8037
5.4297
5.3634
5.4392
5.214
5.3913
5.2145
5.1447
4.8929
4.8871
4.809
4.8749
5.0571
4.9805
4.7136
4.8565
4.9315
5.5177
5.8621
5.7426
5.8318
5.9044
5.8348
5.7206
5.6539
5.6225
5.7917
5.973
5.8768
5.966
5.6039
5.3859
5.3169
5.3736
5.2409
5.2511
5.2044
5.224
4.9601
4.8783
4.9222
4.7643
5.0834
4.9305
4.9108
4.9609
4.8512
5.3278
5.5648
5.5357
5.495
5.802
5.9645
5.7802
5.625
5.5234
5.5576
5.5391
5.666
5.5855
5.3634
5.2782
5.3686
5.3374
5.3686
5.2196
5.1668
5.3317
4.9654
4.8663
4.9407
4.7505
5.3391
5.0641
4.9618
4.9202
4.8076
5.5457
5.6496
5.4369
5.538
5.7632
5.5405
5.7591
5.5704
5.4783
5.4328
5.4379
5.4527
5.277
5.5295
5.0311
5.1531
5.2991
4.9962
5.2762
5.2447
5.1819
4.8696
5.1499
4.9724
4.998
5.4126
5.3649
4.9695
4.8295
4.8177
5.009
5.1774
5.1105
5.1933
5.3627
5.1716
5.3668
5.4636
5.3843
5.1205
5.275
5.2754
5.2731
5.1503
4.9931
5.0121
4.9184
4.8916
4.9432
4.9424
4.9722
4.7846
4.9803
4.6312
4.6056
4.8084
5.0428
4.7427
4.8577
4.9927
5.8014
6.0905
5.9303
5.9031
5.715
5.5965
5.7282
5.5516
5.3683
5.0971
5.2087
5.2914
5.2981
4.9853
4.6674
4.6739
4.537
4.6384
4.7728
4.6127
4.6333
4.7068
4.6588
4.3889
4.2868
4.2837
4.3474
4.4153
4.2927
4.2519
5.9615
6.0148
6.0163
5.7273
5.781
5.606
5.6917
5.5245
5.405
5.3174
5.1993
5.534
5.4142
4.9423
4.7724
4.657
4.6857
4.8206
4.5684
4.8339
4.9417
4.7795
4.6602
4.5082
4.345
4.3041
4.5964
4.3411
4.441
4.5456
6.0005
6.0084
6.0701
6.0354
5.8399
5.6559
5.7804
5.7754
5.5309
5.4053
5.4495
5.6916
5.714
5.1713
5.063
4.8241
4.7605
4.8472
4.7372
4.794
4.7211
4.8813
4.5116
4.6364
4.5675
4.391
4.7162
4.3539
4.452
4.4599
5.8748
6.203
5.9948
6.1252
6.0734
5.7588
5.8446
5.6722
5.6319
5.418
5.5359
5.7821
5.5263
5.2743
5.0238
4.7772
5.0211
5.1168
4.8541
4.8511
5.1782
4.9586
4.6896
4.5909
4.7272
4.5586
4.6119
4.4481
4.6134
4.6555
6.1014
6.1331
6.2777
6.0272
5.8454
5.7849
5.7608
5.8292
5.7498
5.5249
5.7081
5.6909
5.7115
5.3912
5.1517
5.0335
5.1091
4.9672
4.9525
4.8791
5.0113
4.8752
4.9046
4.9748
5.0558
4.7696
4.8066
4.5431
4.6859
4.9375
6.0697
6.1259
6.1531
5.984
5.9885
5.8742
5.8137
5.8155
5.5842
5.6788
5.6298
5.9005
5.8474
5.4716
5.2699
5.1615
5.2276
5.0997
5.0932
4.9902
5.2017
4.7938
5.044
5.1716
5.0108
5.0134
4.8859
4.9101
4.9346
5.0143
5.8904
6.0004
6.1083
6.2531
5.864
5.8784
5.7243
5.7988
5.9584
5.6725
5.4839
5.8345
5.8816
5.6897
5.4588
5.4747
5.3795
5.1966
5.3878
5.1555
5.0395
4.8625
4.9458
5.2919
5.2147
4.9819
4.9634
5.1397
5.1246
5.3517
5.817
5.9237
5.9388
5.9043
5.8627
5.8003
6.0543
6.0248
5.9855
5.7272
5.648
5.9305
5.695
5.7797
5.4171
5.5267
5.4003
5.2983
5.503
5.199
5.1998
5.0234
5.1084
5.4218
5.4529
5.1377
5.0495
4.926
5.2615
5.2165
5.7597
5.9451
6.0277
5.9206
5.8795
6.1112
5.8916
5.8446
5.9432
5.8939
6.0259
6.03
6.0514
5.9043
5.5708
5.7393
5.537
5.5136
5.7595
5.4453
5.3313
5.3987
5.2032
5.4985
5.0993
5.1855
5.0911
5.2589
5.3237
5.4252
5.7806
6.0328
6.1971
5.7002
5.823
5.8441
5.8282
5.6791
5.7412
5.8738
5.8338
5.9178
5.9709
5.6717
5.7242
5.7538
5.5135
5.5036
5.6924
5.2726
5.1832
5.1302
5.0856
5.1467
5.2085
5.1283
5.0467
5.2104
5.3377
5.0762
5.9876
5.9122
6.1634
5.9573
5.7837
5.6506
5.9589
5.7744
5.7373
5.808
6.0306
5.864
5.6222
5.9155
5.9007
5.7899
5.4158
5.4811
5.4933
5.4029
5.1167
4.9466
5.0737
5.2553
5.0098
4.9143
5.0169
5.1406
5.1005
5.2031
5.8971
5.7716
6.0185
5.9296
5.7455
5.6597
5.6345
5.8666
5.6769
5.7476
5.8813
5.8737
5.7771
5.7362
5.4313
5.5172
5.502
5.5709
5.475
5.2125
5.1819
5.1633
4.9192
5.0484
4.8452
5.113
5.0273
5.056
5.155
5.1705
5.818
5.5223
5.819
5.718
5.5957
5.6461
5.8662
5.8287
5.6873
5.5422
5.5914
5.6489
5.763
5.6637
5.3942
5.5378
5.4562
5.6284
5.6336
5.5061
5.0627
5.0924
4.9125
4.973
5.0321
5.0712
5.0337
5.1785
5.4238
4.9276
5.7124
5.6015
5.7173
5.9014
5.679
5.755
5.7184
5.531
5.637
5.7342
5.666
5.5541
5.5581
5.5755
5.4133
5.5203
5.3921
5.4712
5.6226
5.3494
5.2244
5.1757
5.1301
5.3585
5.1937
5.0041
5.1811
5.3515
5.4551
5.2643
5.5516
5.4708
5.5055
5.5255
5.4345
5.6413
5.5005
5.4006
5.7146
5.5015
5.4524
5.5222
5.5561
5.3122
5.3047
5.3868
5.2153
5.1004
5.2091
5.2413
5.0106
4.9145
4.9869
5.1868
5.1719
4.9297
5.0364
5.1153
5.3669
5.0788
4.9567
5.0195
5.2048
5.4425
5.3145
5.1154
4.998
5.1175
5.1364
4.981
5.4507
5.1552
5.0122
5.1447
4.7671
5.1869
5.1475
4.9011
5.114
5.0571
4.9181
4.7297
4.6599
4.8084
4.7118
4.5826
4.6888
4.5574
4.7886
4.7697
5.721
5.8295
5.8209
5.4982
5.6055
5.5643
5.6422
5.581
5.7848
5.7208
5.7959
5.4071
5.5452
5.3917
5.1578
5.1673
4.8885
5.1858
5.0439
4.8296
4.7619
4.8763
4.6966
4.478
4.4173
4.5768
4.6356
4.5657
4.4866
4.5071
5.8114
5.8482
5.9751
6.0642
5.7434
5.6449
6.1465
5.7723
6.0464
5.8337
5.9471
5.5419
5.6269
5.5844
5.3069
5.2861
5.2135
5.2945
5.072
4.8387
4.7727
5.0093
4.8297
4.6237
4.5818
4.4466
4.8411
4.6866
4.8335
4.6763
5.8224
6.0881
5.8928
6.0426
6.1447
6.0129
5.9616
5.7577
6.036
5.8924
5.7835
5.4853
5.4574
5.5084
5.2819
5.1801
5.0444
5.2141
5.0661
4.9842
4.7653
5.2398
4.8463
4.8998
4.9664
4.8641
5.0319
4.9495
4.8417
4.6598
5.7888
6.0889
5.879
5.838
6.3698
6.1228
6.3923
6.0679
6.0708
6.1702
5.9233
5.8125
5.5466
5.5077
5.2182
5.3743
5.1891
5.2573
5.0482
4.9312
5.0851
5.4082
5.0021
5.0658
5.0436
4.873
5.076
5.0652
4.9861
5.0773
5.7604
5.8765
5.8999
6.0965
6.0636
5.9814
6.1937
6.1539
6.0336
6.0113
5.7536
5.8831
5.6888
5.5225
5.4638
5.4097
5.5113
5.3952
5.197
5.1257
5.426
5.3575
5.2419
5.0829
5.0741
5.0059
5.1431
5.166
5.2487
5.1672
5.8539
6.0054
5.7308
6.1497
6.1748
6.0452
6.2802
6.2578
5.9566
6.2539
6.037
6.0335
5.6452
5.7126
5.7311
5.7252
5.7452
5.7105
5.4473
5.4588
5.483
5.138
5.1924
5.3746
5.2506
5.2945
5.116
5.0933
4.9845
5.3003
5.8315
5.9874
5.9536
6.0029
6.1742
6.1796
6.2599
5.9268
5.9494
5.9759
6.4102
5.9979
5.8759
5.6789
5.8023
5.685
5.6853
5.6674
5.4203
5.7559
5.4911
5.3565
5.3164
5.3794
5.3945
5.285
5.2696
5.1165
5.2869
5.2064
5.8803
5.8141
5.9381
6.224
5.9913
6.2105
6.0936
5.8619
5.9364
6.1553
6.5332
6.3112
6.0528
5.9678
5.8313
5.8032
5.9182
5.8073
5.4556
5.7896
5.5032
5.4725
5.5591
5.382
5.269
5.232
5.5733
5.3919
5.3184
5.1928
5.7421
5.7103
5.9702
5.8502
6.2147
6.307
5.8255
5.8976
5.823
5.9363
5.9944
6.0095
5.9046
5.787
6.1912
6.0175
5.8486
5.8406
5.7464
5.6452
5.4859
5.5086
5.6433
5.3798
5.3313
5.1397
5.6507
5.4747
5.263
5.3664
5.7287
5.7145
5.8512
5.7683
5.8875
6.2208
5.8602
5.9293
5.7017
6.2205
5.8513
5.9931
6.1153
5.9986
5.8329
5.9631
5.9245
5.7501
5.7538
5.8375
5.5234
5.7162
5.6279
5.414
5.5215
5.1886
5.4888
5.1226
5.2404
5.0691
5.5946
5.7176
5.8347
5.6813
5.7487
6.2254
5.8332
6.0772
6.1295
5.9735
6.0613
5.8869
6.0242
5.8178
5.8092
5.7695
5.8317
5.7029
5.5065
5.4741
5.5102
5.4618
5.4402
5.1975
5.2684
5.2369
5.2747
5.1764
5.0714
5.0387
5.4371
5.6453
5.5711
5.7629
6.0256
5.7934
5.8325
5.9226
6.0826
5.8329
5.8587
5.9013
5.833
5.8432
5.6455
5.6295
5.7423
5.6876
5.8696
5.7783
5.4776
5.6761
5.5905
5.1668
5.3344
5.4563
5.275
5.0773
5.1071
5.1779
5.5147
5.7441
5.6329
5.543
5.8879
6.0582
5.6667
5.8283
5.8434
5.8611
5.8694
5.7249
5.6058
5.6978
5.7864
5.6257
5.8165
5.6449
5.6528
5.6148
5.4895
5.6902
5.8451
5.4646
5.4153
5.5229
5.3894
5.3356
5.2402
5.076
5.386
5.319
5.3504
5.3726
5.4233
5.5923
5.4866
5.6472
5.6223
5.8324
5.6635
5.4704
5.4801
5.43
5.4707
5.4419
5.4095
5.5167
5.2973
5.1731
5.498
5.3898
5.3135
5.2845
5.2115
5.1296
5.1688
5.1868
5.1942
5.2183
4.9169
4.9971
5.324
5.079
5.2153
5.058
5.1501
5.0949
5.221
5.3767
5.1819
5.2148
5.3327
5.0705
5.2546
5.1059
5.5155
5.3948
5.2726
5.092
5.2878
5.0326
4.971
4.8349
4.9267
4.7665
4.8732
4.8162
5.0126
4.8877
6.445
9.9022
6.7783
10.248
9.3407
6.6429
5.0619
4.9615
5.1348
6.0983
5.1288
5.2523
5.1162
5.1454
5.0024
5.1311
5.2551
5.2703
5.2023
5.1222
5.1318
5.1006
4.9782
4.9127
4.7626
4.8476
4.7858
4.6584
4.8828
4.5742
5.992
6.2084
5.9325
6.0039
5.5566
5.5702
6.003
5.6297
5.6405
5.5775
5.4184
5.2512
5.0335
5.1332
5.1392
4.9063
4.7947
4.7655
4.95
4.9388
4.8268
4.7406
4.8889
4.5819
4.8102
4.8341
4.7814
4.8774
4.688
4.4643
5.9202
6.0928
6.0014
6.0524
6.0053
5.9406
5.8929
5.8439
5.7572
5.6142
5.3311
5.398
5.2589
5.08
5.109
5.2626
4.9886
4.8774
4.959
5.0106
5.0898
4.8829
4.8597
4.7519
4.7223
4.7561
4.987
4.8678
4.8787
4.9316
5.9955
6.0861
6.2087
6.0533
5.7394
5.7344
5.966
5.8135
5.6738
5.656
5.5276
5.3901
5.3762
5.3933
5.3088
5.1824
5.1389
5.0348
5.0367
4.9526
4.9802
4.9885
4.907
4.7698
4.87
4.9198
5.3661
5.2418
5.1827
5.0688
5.9213
6.2089
6.1879
5.8553
5.7668
5.8724
5.9597
5.7697
5.8892
5.6491
5.6248
5.484
5.695
5.7277
5.6064
5.5651
5.274
5.1272
5.2387
5.1935
5.1862
4.9971
5.2942
4.9385
5.0738
5.1525
5.4003
5.4944
5.0732
5.1169
6.0133
6.0915
6.2311
5.7414
5.8406
5.9905
6.0747
5.7447
5.6977
5.453
5.5271
5.5171
5.633
5.6438
5.4799
5.3223
5.2577
5.3416
5.3189
5.0617
5.0784
5.0303
5.1608
4.8851
5.1547
5.1907
5.1384
5.2221
5.0178
5.1235
5.8549
6.0076
6.0176
5.9085
6.0322
6.1002
6.0634
5.9154
5.7374
5.5516
5.8173
5.6803
5.7813
5.4943
5.6755
5.4875
5.2015
5.2645
5.1753
5.1173
5.09
5.1811
5.4774
4.9687
5.2057
5.2549
5.2
5.0785
5.2055
5.4179
5.7309
5.8288
5.9919
5.8989
6.1449
5.9545
5.8842
5.9595
5.7336
5.6555
5.8527
5.6834
5.6567
5.6751
5.6804
5.5309
5.3573
5.4288
5.3353
5.3731
5.4216
5.3076
5.4487
5.0885
5.0949
5.1055
5.1032
5.1327
5.2666
5.6049
5.8579
5.9692
5.8905
6.1423
6.0082
5.7393
5.8636
5.9064
5.7356
5.8092
5.7387
5.6036
5.4353
5.6496
5.7047
5.4542
5.3133
5.587
5.4924
5.4627
5.2951
5.2296
5.2921
5.238
5.116
5.1196
5.2857
5.1878
5.1564
5.1455
5.8562
5.7391
5.9155
5.9545
6.147
5.9572
6.3188
5.8821
5.8238
6.0652
5.9677
5.7109
5.8637
5.7891
5.7083
5.494
5.3353
5.5422
5.6124
5.5905
5.4164
5.1688
5.6548
5.2484
5.0469
5.3363
5.1634
5.3805
5.0496
5.1248
5.728
5.8945
5.8539
5.848
5.8884
5.8773
5.7762
5.7847
5.8677
5.8954
5.6806
5.6231
5.7032
5.804
5.6916
5.5835
5.3721
5.5134
5.7115
5.763
5.5742
5.2726
5.3384
5.2013
5.1205
5.2933
5.1072
5.3689
5.261
5.1597
5.5309
5.6704
5.6482
5.6887
5.845
5.7835
5.6584
5.7376
5.7076
5.6587
5.4814
5.8098
5.6965
5.6161
5.6473
5.6104
5.5406
5.6334
5.7858
5.8587
5.7741
5.4655
5.4958
5.2564
5.2434
5.3694
5.2523
5.5346
5.3883
4.9191
5.5794
5.7001
5.7504
5.6229
5.8409
5.9521
5.7088
5.6079
5.7821
5.7262
5.6391
5.6522
5.8292
5.5249
5.4162
5.5482
5.4281
5.3701
5.6045
5.713
5.5648
5.4482
5.4962
5.6796
5.394
5.5048
5.4779
5.6382
5.3054
5.1327
5.2397
5.2055
5.3365
5.3518
5.3998
5.4998
5.6262
5.7198
5.5651
5.5108
5.6556
5.5889
5.5953
5.3248
5.3619
5.3015
5.2175
5.1744
5.3194
5.413
5.2432
5.3159
5.1188
5.3242
4.9107
5.1879
5.3757
5.2891
5.1248
4.9462
5.0989
5.2443
5.2215
5.4532
5.2897
5.2843
5.3153
5.4621
5.324
5.1383
5.1467
5.2184
5.538
5.3641
5.3292
5.4127
5.4609
5.4125
5.737
5.4952
5.1024
4.9727
5.176
5.2169
4.7592
4.889
4.9784
4.9298
5.0445
5.11
6.8288
11.491
8.1675
11.14
10.167
11.162
10.025
6.2733
7.558
5.9583
4.8651
5.7347
9.9718
9.348
5.0239
5.0872
4.9881
4.7737
5.0083
5.0145
4.7512
4.8982
5.4643
6.4898
6.8603
5.5156
4.7445
4.7492
4.6978
4.7139
6.8595
8.94
6.301
5.4456
5.9228
9.5726
10.907
17.67
14.739
13.68
11.279
17.333
17.457
13.93
7.2349
14.266
11.211
13.795
7.63
13.608
12.046
6.7493
7.0759
7.4508
6.0905
6.4332
5.968
6.2074
6.5945
7.8956
5.765
5.9034
5.7604
6.2622
6.2492
5.9697
6.0406
5.5558
5.793
5.9438
5.9097
5.4928
5.0968
5.3426
5.1393
5.3672
4.9229
4.8896
4.7846
4.7698
4.9109
4.8381
4.722
4.7014
4.9469
4.9265
4.7718
4.6392
4.5675
4.5234
5.9861
6.223
5.9768
6.0691
5.9508
6.0452
5.8283
5.7229
6.1922
5.9432
6.1559
5.6759
5.3231
5.4559
5.3887
5.381
5.0271
4.9291
4.8842
4.8587
4.7573
4.7717
4.9548
4.8057
4.977
4.9192
4.8519
4.8489
4.789
4.7616
5.7867
6.0476
5.8614
6.042
6.148
5.9743
5.9642
5.763
6.1737
6.1893
5.9692
5.5934
5.6777
5.662
5.5863
5.2649
5.0274
5.099
5.0231
5.093
4.9728
4.9917
5.2504
4.9019
5.166
5.1381
5.2992
5.0661
4.9978
5.0016
5.7676
5.9342
6.1606
5.9718
5.9232
6.2256
5.9847
5.8607
6.085
6.3355
5.9713
5.6179
5.6687
5.6384
5.3922
5.1887
5.3889
5.1566
5.2592
5.1034
4.923
5.0377
5.4034
4.955
5.2032
5.3363
5.2925
5.2645
5.0424
5.147
6.033
6.0866
6.0515
5.8456
5.8869
6.258
5.9263
5.8298
6.1727
6.0494
5.6764
5.9646
5.5917
5.6213
5.4824
5.2674
5.529
5.2172
5.3157
5.1142
5.2149
4.9848
5.2507
5.1799
5.2891
5.4589
5.3023
5.2979
5.1795
4.998
6.1831
5.9972
5.958
5.9237
5.8898
6.1432
5.9484
5.7129
5.8181
5.8573
5.6247
5.6465
5.6624
5.7154
5.5761
5.4646
5.7198
5.344
5.3441
5.1865
5.2794
5.4193
4.9183
5.172
5.0243
5.3183
5.2483
5.4273
5.3296
5.099
5.9256
5.7919
5.8327
5.8577
5.8389
5.9188
5.9084
5.5883
5.7374
5.6043
5.6629
5.782
5.637
5.5278
5.4698
5.5756
5.5483
5.3947
5.4249
5.2071
5.1714
5.1157
5.0078
5.136
5.0223
5.1437
5.3121
5.3417
5.3146
4.9877
5.5942
5.5861
5.8398
5.6634
5.7443
5.7127
5.7143
5.7587
5.7848
5.7208
5.6036
5.7136
5.8538
5.6644
5.5395
5.283
5.5971
5.3472
5.2407
5.3836
5.1784
5.3257
5.1585
5.0594
5.1056
5.1056
5.0861
5.0674
5.0773
5.0539
5.6947
5.7656
5.8749
5.6954
5.6324
5.6458
6.019
5.7841
5.8128
5.5754
5.6566
5.5452
5.5213
5.6151
5.3916
5.5434
5.5637
5.4155
5.3027
5.5478
5.3491
5.2643
5.1902
5.164
5.0624
5.102
5.1731
5.027
4.9694
4.9325
5.4978
5.5881
5.7428
5.5657
5.5506
5.7444
5.8143
5.5781
5.5843
5.4654
5.6545
5.5047
5.5018
5.6462
5.5046
5.4643
5.4471
5.6145
5.2733
5.3202
5.2158
5.3969
5.3308
5.2955
5.2876
5.4308
5.3374
5.1114
5.1864
5.0838
5.5056
5.8011
5.5973
5.5918
5.6853
5.5585
5.6807
5.6507
5.5645
5.5133
5.9322
5.6893
5.4939
5.6335
5.5077
5.5442
5.5655
5.5067
5.3981
5.2993
5.3893
5.4139
5.2559
5.339
5.2037
5.5352
5.4622
5.3173
5.1121
5.0407
5.1754
5.1967
5.1809
5.2202
5.445
5.3052
5.4803
5.4078
5.5562
5.5617
5.7505
5.4975
5.4779
5.641
5.1919
5.2706
5.4666
5.3669
5.026
5.1991
5.4563
5.1119
5.1102
5.2426
5.0318
5.0429
5.1227
5.1891
5.0465
4.8966
4.9716
5.1064
5.1254
5.0955
5.1254
5.094
5.2958
5.2588
5.2692
5.1378
5.2243
5.2982
5.308
5.2443
5.1483
5.3487
5.6733
5.4796
5.3351
5.3062
5.2703
5.0057
4.8869
4.9479
4.9532
5.0737
5.1039
4.8116
4.7802
4.8125
7.4
11.356
8.1855
11.983
9.1942
10.988
11.225
8.5218
11.801
6.3979
5.1078
7.0992
10.602
7.694
4.9063
4.8543
4.8968
5.0963
4.7776
4.8032
4.8353
4.6071
6.2765
6.4368
6.6187
5.6757
4.7346
4.5508
5.0481
4.9806
8.2292
9.3695
5.9163
5.2907
6.0031
7.137
8.7408
17.447
15.614
11.491
12.682
16.308
17.905
11.577
7.7092
14.38
12.136
12.169
7.312
14.711
10.302
7.2438
6.6244
6.3658
6.0662
5.7587
5.7598
6.8265
6.4143
7.562
8.1442
6.2472
7.7609
7.0006
8.755
10.266
7.8893
11.614
12.742
11.075
13.273
11.684
11.326
15.3
11.149
9.7722
10.264
9.6648
9.3346
11.075
10.677
8.469
6.4469
5.843
7.8114
7.7943
6.5173
7.9201
9.1295
7.446
