0
0
0
0
0
0
0
0
0
0
0
0
0
0
0
0
0
0
0
0
0
0
0
0
0
0
0
0
0
0
0
0
0
0
0
0
0
0
0
0
0
0
0
0
0
0
0
0
0
0
0
0
0
0
0
0
0
0
0
0
0
0
0
0
0
0
0
0
0
0
0
0
0
0
0
0
0
0
0
0
0
0
0
0
0
0
0
0
0
0
0
0
0
0
0
0
0
0
0
0
0
0
0
0
0
0
0
0
0
0
0
0
0
0
0
0
0
0
0
0
0
0
0
0
0
0
0
0
0
0
0
0
0
0
0
0
0
0
0
0
0
0
0
0
0
0
0
0
0
0
0
0
0
0
0
0
0
0
0
0
0
0
0
0
0
0
0
0
0
0
0
0
0
0
0
0
0
0
0
0
0
0
0
0
0
0
0
0
0
0
0
0
0
0
0
0
0
0
0
0
0
0
0
0
0
0
0
0
0
0
0
0
0
0
0
0
0
0
0
0
0
0
0
0
0
0
0
0
0
0
0
0
0
0
0
0
0
0
0
0
0
0
0
0
0
0
0
0
0
0
0
0
0
0
0
0
0
0
0
0
0
0
0
0
0
0
0
0
0
0
0
0
0
0
0
0
0
0
0
0
0
0
0
0
0
0
0
0
0
0
0
0
0
0
0
0
0
0
0
0
0
0
0
0
0
0
0
0
0
0
0
0
0
0
0
0
0
0
0
0
0
0
0
0
0
0
0
0
0
0
0
0
0
0
0
0
0
0
0
0
0
0
0
0
0
0
0
0
0
0
0
0
0
0
0
0
0
0
0
0
0
0
0
0
0
0
0
0
0
0
0
0
0
0
0
0
0
0
0
0
0
0
0
0
0
0
0
0
0
0
0
0
0
0
0
0
0
0
0
0
0
0
0
0
0
0
0
0
0
0
0
0
0
0
0
0
0
0
0
0
0
0
0
0
0
0
0
0
0
0
0
0
0
0
0
0
0
0
0
0
0
0
0
0
0
0
0
0
0
0
0
0
0
0
0
0
0
0
0
0
0
0
0
0
0
0
0
0
0
0
0
0
0
0
0
0
0
0
0
0
3.7783
6.7298
6.6982
5.0683
6.1261
6.2534
1.4179
0.94725
1.0527
1.1731
1.979
1.4757
1.514
1.5983
2.4847
3.6165
2.7676
3.5972
3.8529
3.2287
7.995
7.0309
7.9901
9.2751
8.4694
5.5596
6.6708
1.5407
29.994
24.837
3.656
4.5478
5.9734
8.5235
8.5839
9.8924
1.2815
1.9363
1.0604
1.4021
2.1529
1.8842
2.465
1.9947
3.8485
4.0502
4.1363
3.8987
3.4851
3.5802
5.7104
4.3187
3.4599
2.6754
3.9792
4.6278
2.0852
1.4365
1.8316
2.1313
4.171
5.8276
7.8381
13.075
13.315
14.734
1.7076
1.9178
2.3284
1.9756
3.2224
2.2043
2.5806
2.3646
2.3965
2.8999
1.6723
2.6148
3.7271
2.1387
7.3609
8.1477
6.6312
7.6381
8.7933
7.9128
5.7769
5.425
4.0741
4.6447
4.0831
5.8419
11.563
14.295
11.116
14.302
1.6618
1.6601
1.628
3.1134
2.0684
3.2212
2.6059
3.13
3.5097
9.3456
7.7115
5.184
5.393
5.926
5.0815
5.3376
4.1607
6.3133
11.606
25.596
53.024
64.187
49.875
63.969
2.0221
4.7377
9.6613
14.052
7.1754
3.8708
3.4213
2.0247
1.4914
2.0305
2.8099
7.4687
6.6638
5.5062
4.4595
9.2357
7.7678
4.7222
3.0928
2.9425
5.5332
10.594
2.7793
15.439
71.646
81.342
73.698
78.418
68.775
73.583
2.069
4.2619
4.656
5.0346
4.3929
3.0137
1.7551
1.407
1.3221
1.7233
3.4819
5.0734
5.0016
4.09
6.0713
9.8875
3.7755
0.6007
1.7489
5.1284
2.605
11.352
4.6012
7.37
5.8364
48.052
66.719
59.725
60.457
56.552
2.0478
3.3834
4.4377
3.7928
3.0362
1.3273
0.99976
0.78998
1.2793
1.5771
2.2349
3.8578
6.9437
8.0721
32.327
14.979
1.9077
1.8259
3.037
9.9954
5.7781
1.2427
4.531
10.553
14.958
20.485
5.3792
56.817
47.957
77.205
1.368
2.7482
3.0209
2.685
2.6186
1.6482
0.83073
0.87616
1.4357
1.4309
2.9311
3.389
9.3226
6.7805
19.335
11.851
10.031
6.3036
2.7774
6.2716
5.0931
4.1095
1.7122
1.2015
1.6634
2.9167
2.3394
5.7987
16.047
46.258
1.2035
1.6271
3.7815
3.5946
3.11
1.68
0.67996
1.0269
1.4095
1.87
1.4563
1.2237
1.5547
3.5307
1.3944
1.1075
3.4282
1.9497
5.262
21.571
23.047
56.639
49.632
24.425
3.1086
9.4195
13.112
5.7983
8.4199
23.142
1.6196
2.0029
2.5191
2.0013
2.0018
1.3001
1.1488
1.314
1.2664
1.4038
1.815
1.3038
1.4057
0.91939
0.68748
0.60416
2.3209
2.5093
1.8622
4.6677
30.679
42.584
70.226
76.327
72.211
58.287
38.32
48.063
46.051
15.963
0.95822
2.2316
2.2734
2.3053
2.0314
1.8627
1.517
1.3739
1.3665
1.3847
1.5001
0.96947
0.93687
0.61551
0.60602
0.68246
1.4491
1.3024
0.23809
0.015625
2.1322
0.58178
2.6492
3.352
7.0381
73.536
82.153
85.878
79.251
83.035
1.8149
2.8813
3.1464
2.8635
2.5973
1.3805
1.7987
2.1839
2.3561
2.2845
1.9748
1.3012
1.3787
0.55729
0.58145
0.43956
1.466
1.6403
0.28479
0.21654
54.139
71.176
57.974
33.073
12.006
4.1414
6.1611
60.974
28.421
16.826
3.5354
3.804
3.5562
2.775
2.8772
1.557
1.3816
2.6552
2.3878
2.0842
1.8085
1.544
0.83002
1.3393
2.4965
1.0599
1.1787
1.1951
4.1649
1.309
1.5837
16.513
53.756
53.113
24.71
1.4985
1.5788
1.6475
1.7518
1.5705
4.069
3.9036
2.3694
2.4618
2.7197
2.312
1.7885
1.9726
1.256
1.275
1.1234
1.6449
0.82868
1.9017
2.2161
2.4107
2.9219
1.9618
1.377
0.58902
1.6609
1.9857
2.178
4.8973
6.8856
7.068
9.6101
7.8232
15.504
3.3458
4.238
3.5338
2.8854
2.2853
1.9623
1.4716
1.5289
1.3475
1.3539
1.6067
1.9096
3.6016
3.1507
4.1301
3.1873
2.1127
2.1254
2.3444
1.88
2.561
4.5089
4.9006
3.2999
3.2623
6.9902
8.3852
7.9081
9.0932
15.994
20.186
1.8776
2.6219
2.7508
2.6361
2.8054
3.8479
4.0369
3.7531
3.8405
4.1172
2.9483
2.9382
3.0006
3.2458
3.2495
2.2419
1.8096
4.3518
5.0011
6.7224
11.5
11.471
7.3506
7.6243
6.3433
8.7078
6.4048
8.3633
7.8218
6.8144
1.8007
1.8941
2.4292
44.228
73.283
2.7921
3.5322
5.6633
4.406
2.4415
2.8483
3.0452
4.4042
5.0486
6.9113
8.7888
11.264
15.915
17.759
18.555
14.42
14.355
15.098
13.046
6.119
5.4292
4.4253
4.5255
3.2075
4.0747
1.4558
1.65
1.9286
2.1176
2.2364
2.0637
3.1882
2.7369
2.1587
2.5952
2.7653
4.0617
6.2715
12.102
11.992
12.778
13.484
16.66
22.446
27.968
17.035
15.641
13.135
11.318
5.7587
8.1951
6.1313
6.9803
1.7644
1.3887
1.1617
1.4453
6.3984
1.8619
1.625
2.0288
1.6394
1.9315
1.8738
2.9026
4.6463
5.7265
5.6706
6.5346
8.2098
8.6943
15.954
13.007
22.704
14.394
26.891
10.466
10.521
8.8103
21.886
11.597
4.8555
3.8216
1.8719
1.8101
1.0086
7.2514
8.2183
1.5878
1.7957
1.6173
1.421
1.8163
2.3595
2.7836
6.7636
6.3992
4.7537
6.3126
8.4443
9.5078
15.512
12.591
26.857
16.079
26.906
14.438
15.065
12.414
13.158
11.511
8.6348
4.39
1.4154
3.1141
1.0382
1.1072
1.4331
16.815
34.515
6.2025
1.4576
1.918
2.0219
3.2055
3.3236
4.0856
6.7976
8.6122
9.5703
15.111
14.31
11.861
21.094
21.992
33.753
12.812
12.069
11.438
8.9252
7.5939
9.8176
8.3261
3.6891
5.8234
37.748
16.551
1.6641
56.659
49.06
1.287
1.4161
1.7776
1.8815
1.213
4.3726
4.8992
6.1255
16.025
11.145
15.688
16.982
12.32
25.158
25.415
30.952
11.585
12.022
13.086
15.455
12.758
3.487
7.569
5.2607
3.4719
47.79
22.307
2.0162
1.8182
1.2205
1.238
1.3677
1.4163
1.563
1.5633
4.3597
3.8896
6.0035
7.8388
8.8407
8.5409
12.525
18.981
29.258
25.311
40.736
17.241
15.238
15.56
29.348
23.086
9.5637
11.838
9.6323
6.937
44.074
2.8763
2.4666
1.954
1.7943
1.9092
1.7513
1.3574
1.2342
1.6461
3.2358
4.4348
9.775
7.0685
6.1001
20.595
25.568
15.915
40.761
38.674
46.107
23.856
19.268
18.097
36.02
21.511
13.685
6.1964
2.925
2.5956
21.061
2.055
1.8264
3.0124
2.2977
2.2176
1.8957
1.4496
5.013
6.4454
3.4265
29.143
6.4373
11.224
11.999
19.843
23.626
35.693
55.821
24.481
37.731
23.662
23.64
20.014
33.817
19.382
21.777
7.4183
6.1604
5.3788
20.397
16.674
11.585
34.633
47.706
44.822
38.134
1.3767
8.8784
12.885
6.3213
8.7694
23.444
37.221
72.28
33.831
73.098
74.714
53.484
38.666
47.897
22.48
22.457
15.868
31.63
25.583
10.171
3.251
3.5654
3.5066
34.947
20.237
14.343
33.948
40.527
23.758
31.161
11.687
7.3192
9.7856
16.219
11.342
11.543
26.156
67.157
49.154
69.554
68.426
61.599
44.507
33.478
55.371
59.471
27.593
13.916
16.581
4.8298
5.9128
2.7845
1.9284
27.599
6.6717
11.032
34.785
28.98
16.292
30.757
19.15
4.3516
8.6652
24.198
29.011
11.44
20.381
66.596
62.672
44.2
57.55
56.058
24.492
4.3982
9.1279
7.9853
3.0602
3.8433
15.687
2.948
3.4394
2.6205
3.224
7.5714
3.0679
3.4916
7.5792
5.528
4.1389
7.9032
7.8562
19.352
13.409
10.442
18.036
13.899
19.551
33.525
45.25
35.9
54.377
8.3162
5.6651
3.5358
2.7886
2.5287
2.1602
2.527
2.0715
2.9252
2.1461
2.4129
1.4774
6.1474
4.8898
4.6983
8.4595
6.8386
4.2155
6.9846
7.6089
11.568
15.302
6.935
12.034
11.04
12.244
15.349
34.268
20.95
13.038
2.5199
2.4805
2.776
2.565
1.8182
2.6936
2.0422
1.7591
1.5094
1.5889
2.0601
1.7742
4.482
4.6227
3.812
3.899
4.347
5.9905
4.5131
3.6447
5.8671
7.6467
6.2255
10.032
12.64
12.735
9.089
22.738
41.571
42.543
4.2656
5.3023
4.7071
6.758
8.1229
7.5663
6.3652
5.8942
5.1628
4.4123
3.7671
3.4055
4.8869
5.9872
5.8267
7.6071
6.0749
4.7001
5.4807
5.1154
3.9962
3.6296
8.23
6.8304
3.8361
3.0735
11.363
19.368
27.667
32.317
22.473
5.0841
8.2357
13.818
14.336
9.8296
7.1774
7.6653
7.5358
6.056
7.6837
4.9539
0.79047
0.83788
0.84873
0.89895
0.98028
0.79778
0.79498
0.80291
0.99867
0.89119
1.1004
0.97005
1.0324
1.2924
0.98599
0.80687
0.83746
0.8095
0.81165
0.7914
0.8006
0.71266
0.79886
0.78836
1.1867
1.4812
1.4071
1.0902
0.89871
0.81062
1.1088
1.0164
0.82709
0.83397
0.8962
0.99444
0.80912
0.92216
0.84617
0.92016
0.99669
1.0428
1.0325
1.2518
1.928
0.76619
0.86266
0.86154
0.81533
0.83184
0.93553
0.82833
0.84431
0.82096
1.1097
1.5068
1.4939
1.1056
0.93415
0.85635
0.93761
0.96907
1.0627
0.96892
0.83561
0.93044
0.98144
0.8891
0.93564
1.0134
1.0583
11.886
78.228
76.033
84.558
6.4212
39.309
38.443
1.0226
0.84505
0.85039
0.86323
0.7953
0.80407
0.99945
1.4534
1.6086
1.0596
0.86026
1.0238
0.86395
0.86217
0.88287
0.95465
1.1087
1.2961
1.0332
0.8358
0.87678
0.86101
0.90713
13.387
38.18
44.324
80.031
85.326
67.209
79.139
53.655
1.3034
0.87602
0.89618
0.93755
0.89083
0.8741
1.1274
1.5552
1.1169
0.8796
0.86035
0.81908
0.81048
0.80957
0.84458
0.87738
0.9015
1.2429
0.97672
1.0854
0.84111
23.767
79.351
47.133
60.355
29.303
83.668
86.455
86.047
83.711
68.209
1.578
0.88645
0.80201
0.83855
0.79521
0.92972
1.2564
0.98215
0.81585
0.88286
0.90792
0.82237
0.84384
0.86973
0.84428
0.76679
0.83248
0.87633
0.97892
1.2002
77.956
94.596
46.437
94.751
66.497
91.239
92.412
95.423
91.434
66.379
78.029
2.46
1.4551
0.82786
0.78094
1.0601
20.306
0.98705
0.86308
0.85271
1.1445
1.0095
0.87317
0.83204
0.84632
0.81929
0.93483
0.82529
0.82972
1.0025
0.98505
1.9989
1.9076
1.3275
1.0547
1.0025
1.0289
62.489
83.326
92.623
52.793
70.905
2.5681
1.1662
0.81495
11.824
25.596
1.1287
0.94521
0.83279
1.1491
1.1198
1.0982
1.0122
0.98721
0.80949
0.90564
0.93604
0.86668
0.85118
0.86957
1.0829
2.088
1.9157
1.702
1.3418
0.7866
1.0739
1.538
71.728
87.483
8.9214
4.6715
2.8045
0.97484
0.92331
7.3064
0.94673
1.0087
0.99926
1.1073
0.89974
1.1248
1.1397
1.012
1.0335
1.0702
1.0738
1.0797
0.8646
0.9154
0.89693
0.96286
1.0436
1.708
1.7982
2.1539
2.9792
1.2657
1.343
73.391
70.924
5.7883
5.7639
2.3812
1.1863
5.0393
0.84057
0.92686
1.0169
0.8774
1.0164
0.96987
1.0632
0.97759
1.0327
0.94995
1.1834
0.94166
1.3096
1.2912
1.1709
3.6137
2.6799
4.0163
3.1125
7.6521
8.8928
7.219
4.4865
3.8409
18.184
55.081
45.523
2.5304
5.9423
1.3572
0.84846
0.93838
1.0042
1.1402
1.2614
1.0669
0.86903
0.93899
1.0533
1.0606
1.1626
1.0156
1.5216
1.3309
1.6109
3.019
2.6439
2.7377
3.5416
4.5362
10.011
9.3531
3.2427
9.6974
21.817
39.925
74.725
10.972
2.156
1.4886
1.1454
1.0461
1.0122
1.1962
1.2361
1.3301
1.2325
1.2642
1.2324
1.7603
2.0243
1.2806
1.4718
3.1677
2.3943
3.5734
3.5248
4.2119
3.5827
6.9339
10.264
11.58
10.765
23.136
21.288
25.844
23.149
19.833
2.1155
10.547
2.0274
1.3561
0.98766
1.1609
1.137
1.194
1.3202
1.3647
1.3507
1.393
2.0382
1.3456
1.7644
3.9787
3.3217
5.7418
5.5948
9.04
11.457
7.6263
25.362
30.164
23.315
10.43
6.0459
19.399
72.742
66.127
59.485
3.7289
2.0661
1.2882
1.1676
1.0894
1.1194
1.1026
1.0906
1.1843
1.2796
1.1733
1.1789
1.5489
1.5226
2.8392
3.869
2.9726
4.1997
6.5845
9.4218
12.994
11.544
11.153
22.09
17.544
3.2554
71.56
65.761
66.815
59.443
2.3682
1.2907
1.2514
0.99059
1.1243
1.1687
1.1579
1.061
1.1521
1.3021
1.2532
1.1517
1.2548
1.3551
1.169
1.2693
1.8974
2.4137
4.4007
3.3658
6.6225
11.276
9.2816
15.931
15.384
11.105
55.216
41.572
42.72
18.621
4.052
0.88985
0.96761
1.2251
1.1693
1.1062
1.0689
1.0312
1.0751
1.1107
1.137
1.0688
1.1129
1.1442
1.1012
1.5675
5.5188
4.1166
2.9416
6.9988
11.882
6.369
4.595
18.264
25.671
74.09
69.684
59.462
45.305
25.081
6.1679
0.82234
0.9991
1.1292
1.0153
11.484
2.5312
0.66295
0.86187
0.97543
1.0074
0.9558
0.89926
0.89485
5.9489
6.5399
1.0191
0.74591
0.72416
0.6055
0.70805
0.74804
0.78584
0.95228
0.9352
0.892
0.78289
0.73724
0.70746
0.80733
0.76338
0.65464
0.35575
0.44258
1.1055
8.6627
9.0022
0.88252
1.1053
1.1008
1.111
1.0903
1.2648
1.1205
4.1336
6.5615
0.94139
0.79135
0.84712
0.91352
1.0013
0.97119
0.95907
1.3151
1.0585
0.97837
0.74903
0.79246
0.76903
0.70035
0.7152
0.81258
0.69991
0.64355
0.92154
1.1428
22.597
4.9261
1.0602
1.1748
1.2825
52.922
8.274
1.0937
1.0305
0.93157
0.93178
2.1578
1.2213
1.4092
1.6034
0.94757
0.90828
1.3176
1.4034
1.4097
0.75581
0.83395
0.80446
0.56536
0.63285
0.62064
0.55232
0.51261
1.1825
1.5031
17.56
15.354
1.3416
1.0454
31.074
56.326
8.3416
1.1603
7.2325
34.28
30.267
13.778
18.457
7.6917
7.8931
1.2332
1.0224
2.0481
1.6029
1.3476
0.81429
0.68466
1.1304
1.0992
0.97469
1.0614
0.5782
0.42066
1.0883
1.3331
1.4795
16.798
1.0502
1.0199
18.221
54.192
1.8032
2.1794
10.259
33.692
39.082
24.249
47.902
25.363
9.2564
4.8734
1.2832
2.4344
2.2059
1.7836
0.96564
1.051
1.1686
0.79904
1.01
1.0438
0.70121
0.61488
1.3676
1.4385
3.6334
4.9648
1.1458
31.622
27.148
48.548
5.5304
1.8035
5.5296
24.202
28.07
21.544
37.411
42.217
13.706
16.608
2.3744
4.5939
3.4879
2.6795
2.6601
1.9861
1.8101
1.5836
1.4003
1.2277
0.97475
0.85649
1.575
4.1259
27.813
6.3493
7.9257
45.684
35.838
55.201
5.5401
9.0002
8.5837
31.448
19.536
37.039
37.779
49.239
19.506
15.56
8.5086
6.968
6.6416
5.0657
3.8052
3.5121
3.1245
2.7579
2.4398
1.546
1.735
1.5941
2.2898
4.3838
17.188
11.106
21.181
64.6
19.008
9.8966
8.7338
38.746
50.295
36.858
16.957
36.871
31.313
46.457
29.865
15.19
11.573
12.24
6.1909
6.2857
3.5487
3.93
3.1657
2.6059
3.001
1.9714
1.7491
1.6245
3.156
3.2109
8.1148
6.7271
36.383
72.737
41.954
25.537
20.246
47.093
55.203
25.634
40.179
32.369
22.762
41.728
22.743
25.631
12.942
9.6334
7.2747
4.9793
2.8428
3.4379
5.3478
5.2117
4.6451
3.8192
2.7797
1.9484
3.136
3.5774
13.704
9.4439
55.901
53.435
54.835
30.8
21.658
43.101
36.821
42.522
59.676
23.528
22.244
29.93
25.169
35.705
20.127
27.422
28.642
7.1974
2.2052
2.0222
3.4809
3.6373
4.0626
2.8047
1.5718
1.168
3.0435
4.8335
9.6839
7.16
43.768
32.416
39.714
20.134
19.246
48.209
26.25
25.264
51.745
25.075
40.008
30.691
22.4
50.641
27.479
29
46.99
13.984
15.12
4.2687
1.7792
1.323
2.6462
3.2603
3.3066
1.1103
3.1406
2.9447
7.5425
7.9283
30.661
28.019
26.135
11.965
27.957
22.813
14.897
19.99
23.954
36.679
32.366
24.348
15.221
53.54
38.956
38.314
26.801
25.467
35.746
4.5725
4.9445
5.0297
3.2274
1.523
1.6446
1.2524
3.3556
3.9764
3.5603
4.1928
6.529
7.7464
6.3974
10.817
15.525
24.068
14.341
21.349
17.745
28.917
35.808
48.922
21.377
41.45
46.01
12.68
12.717
35.393
58.805
3.7058
5.0083
5.3498
6.2267
4.7657
3.6575
1.669
4.0204
4.5873
3.6082
3.8853
5.7453
7.6846
7.6943
14.327
10.037
8.3813
10.457
8.1393
10.845
10.51
26.697
20.538
19.578
37.848
51.276
14.74
34.366
57.364
32.037
13.775
9.5898
6.2953
8.8931
9.2261
5.4036
4.0583
4.2747
3.9416
2.9615
3.4757
6.4436
8.5681
9.726
16.973
9.4597
12.7
6.8742
8.0641
9.5662
7.2165
7.5759
11.027
10.031
11.328
15.83
10.117
19.414
28.308
26.712
18.072
6.6278
6.1171
5.1259
6.7707
7.6674
4.5512
1.6645
2.5068
3.4556
4.7971
6.4048
7.717
8.9923
13.929
10.293
10.212
8.0836
6.3004
6.5773
7.9787
7.016
4.8844
3.8409
3.5913
1.7417
1.2173
0.71025
9.0284
7.5607
0.47621
0.45946
0.35528
0.49797
0.22493
1.6465
3.7416
