13.361
14.267
26.384
45.717
31.413
32.584
24.938
22.277
21.796
29.52
36.437
18.323
26.236
19.556
12.021
6.2092
12.979
14.207
14.772
10.167
8.5958
8.8787
8.9401
8.8681
8.7998
11.586
11.947
8.7118
11.923
20.781
20.387
13.486
17.141
18.063
13.23
16.529
11.993
18.382
28.622
29.486
35.097
25.111
27.581
31.089
30.598
10.806
11.691
9.7804
8.6813
8.6368
8.5858
10.649
12.569
10.807
10.576
7.0859
9.7503
15.969
13.598
13.132
16.967
16.66
16.763
17.453
11.959
10.526
17.126
16.938
18.448
14.389
7.2542
3.8003
5.6646
12.21
17.936
11.694
10.011
6.0948
8.5325
12.938
11.818
9.3233
11.446
10.391
12.685
7.6147
6.8328
5.3564
11.122
11.299
23.1
23.996
12.881
18.346
20.294
13.157
16.015
18.362
11.1
13.177
5.0091
2.2666
2.6263
6.966
10.787
7.9388
12.607
11.733
8.4563
8.2541
9.0546
11.202
9.0299
8.8126
12.386
9.2261
11.031
9.9141
9.5234
10.347
19.261
23.537
24.765
14.615
13.619
10.873
12.065
10.491
16.24
17.394
3.4022
9.49
4.9387
7.1388
9.0148
11.086
10.557
11.12
6.8694
7.7882
11.053
9.261
10.019
9.2875
16.448
13.222
16.818
16.445
8.2619
6.269
7.3836
18.348
17.858
8.2672
9.7858
9.2952
9.0597
10.215
10.909
11.282
3.3939
8.0224
3.2607
2.1365
9.5578
8.8746
8.7716
12.1
5.0557
10.587
9.7617
8.7122
10.856
10.811
10.911
15.161
11.939
10.743
8.4995
4.5502
18.268
18.499
26.791
9.6016
9.8529
10.493
9.6222
9.2106
8.2374
9.2203
7.5259
1.8019
1.8313
3.2519
9.1271
10.555
8.6253
8.9559
6.432
7.5469
8.178
7.2166
8.5456
7.4348
4.6992
8.3225
14.129
16.221
5.4559
3.9089
12.433
10.4
16.87
14.149
12.464
13.673
13.244
12.986
9.7767
28.568
31.314
17.152
8.5723
6.475
9.1271
5.5482
7.9978
7.7106
7.3517
5.5986
6.3065
6.8563
6.077
5.1234
4.6342
11.423
6.8207
8.7285
5.6111
4.9283
7.292
5.9453
12.43
12.327
12.536
18.33
10.194
9.7785
9.401
8.7694
15.714
4.1989
26.067
16.266
6.9
8.3949
7.8157
7.184
7.2514
5.0252
5.1975
10.321
5.9692
5.1788
4.7879
9.0413
5.7725
3.8386
5.3241
3.485
8.6913
6.6642
14.657
10.491
8.7624
8.0748
9.0979
9.1803
6.9354
5.9009
9.3711
3.7462
6.6682
18.021
15.143
5.9229
6.1647
7.4943
5.8697
7.2087
7.4321
6.9873
10.215
5.9555
5.3649
7.4698
8.175
4.4059
5.3503
3.8878
10.078
7.7223
14.75
11.817
7.06
8.3154
9.4289
6.9143
6.3123
9.7269
19.515
1.7836
4.9296
11.892
19.698
5.5332
8.3806
7.846
6.9299
6.6971
6.2503
7.6049
6.8123
7.1853
5.8548
5.458
6.7836
8.1154
9.065
3.7786
6.9917
7.9727
16.066
13.563
8.6167
10.108
8.4722
11.287
9.4962
13.822
2.4571
5.731
1.7927
10.771
22
6.1595
5.5468
6.3895
6.6492
5.234
6.0596
7.493
7.8229
7.6869
7.0275
4.7895
4.5986
2.9096
10.612
5.096
8.9363
10.361
12.435
13.146
9.569
6.8805
15.468
23.592
17.941
2.1088
1.7544
6.4118
1.6493
8.8427
18.463
13.431
8.9347
3.3575
6.5445
5.332
5.4848
5.525
6.4401
6.0646
5.081
5.2589
3.5175
5.4187
4.0297
5.8587
5.7194
4.4592
8.5723
6.065
6.4275
5.4251
10.731
9.2918
22.37
2.0255
1.8154
7.9882
4.2481
6.6304
11.291
15.195
6.1638
3.1565
5.3743
4.4512
5.492
6.1088
5.1476
5.8528
7.6594
4.2624
3.0399
2.9256
6.0163
5.8646
4.9504
5.2953
8.1535
5.5918
4.3088
4.7298
10.787
16.744
19.584
1.44
1.4225
10.877
7.3931
10.671
9.167
22.487
9.9248
4.576
6.6085
3.3856
5.5854
5.2381
3.6829
7.2937
8.029
5.1387
2.8138
2.6749
3.3298
5.4851
5.4368
5.1939
6.3504
6.5539
7.3582
7.3081
7.1161
8.8712
13.026
1.5672
3.7001
5.8335
9.2473
10.897
9.8512
9.6874
11.582
5.729
4.198
4.4468
4.1156
4.237
5.1634
10.903
3.8532
4.2691
3.0976
2.762
2.6437
3.2592
13.896
15.092
13.787
18.463
18.203
22.726
32.037
34.518
15.821
8.899
14.859
16.606
4.7767
18.399
21.165
20.622
13.046
15.922
16.978
9.7181
12.025
12.02
10.771
11.719
15.8
15.192
8.6426
9.677
16.372
15.528
8.1339
10.857
11.397
16.434
14.581
8.5602
9.9101
13.909
18.736
19.077
5.0187
17.037
35.34
17.916
20.654
22.691
26.36
11.988
13.006
11.305
11.571
13.019
13.349
18.611
17.459
11.868
14.613
6.1296
4.2446
11.8
18.53
13.303
16.537
16.049
16.539
13.644
12.134
14.951
15.338
13.039
3.9673
2.5819
5.654
20.841
12.646
14.027
18.515
15.299
12.476
10.653
11.881
11.115
9.939
7.6766
12.809
13.047
10.872
8.7126
6.8877
9.4479
10.937
14.034
16.197
13.801
12.348
10.561
10.796
12.327
40.968
9.4956
2.4339
3.0651
8.9737
9.3117
13.008
13.884
15.814
10.427
8.6397
8.3348
9.3357
9.9048
8.5599
7.4793
8.6907
13.885
12.098
11.476
6.4847
9.2386
13.471
11.817
11.111
9.8797
15.5
16.567
20.582
17.096
31.917
12.024
12.12
10.472
5.8344
7.7004
12.421
13.019
13.676
13.691
11.595
12.472
11.957
14.663
15.352
8.7413
9.5829
8.4946
8.7033
10.192
7.1288
8.2773
11.807
12.529
12.062
10.23
12.548
15.595
19.332
13.309
20.256
20.162
8.4716
3.4462
2.4684
6.2334
9.6321
10.511
10.545
10.879
14.14
15.096
17.721
17.369
14.75
13.256
17.539
12.646
9.3255
9.0806
10.45
16.596
7.7151
12.341
11.392
10.896
9.3511
11.021
10.585
9.6998
12.231
24.462
22.665
1.8785
3.3515
8.0724
11.509
9.2112
10.841
8.4586
14.536
12.146
10.048
6.7698
10.865
16.289
18.147
9.1066
7.312
5.8646
10.865
12.622
13.966
13.763
9.1587
8.8083
7.8055
8.8992
9.6824
19.033
47.777
35.51
28.673
20.619
21.66
5.6753
9.4431
9.1309
8.2379
6.3986
7.3716
11.922
7.7283
5.2926
12.186
10.414
8.2503
9.9609
7.0679
6.6262
10.903
11.853
16.769
14.9
8.7343
10.274
11.035
10.447
8.5166
27.22
52.662
10.127
7.4075
5.0113
8.0199
7.337
10.336
7.4072
8.6529
5.2832
7.0661
8.9724
8.0324
3.5701
12.732
10.441
8.3274
5.7512
6.7428
6.5431
6.8267
10.071
12.87
12.012
9.5785
9.9919
10.769
10.169
9.7759
61.377
64.418
15.638
16.048
3.2982
3.5184
8.79
8.9418
7.8957
7.6288
8.6076
11.185
7.4964
11.552
10.004
11.346
11.307
5.0418
5.1343
7.3856
7.8242
7.0709
3.936
9.1173
6.3142
8.6474
8.8976
12.486
8.2275
43.563
54.044
19.352
9.5058
4.7411
6.5525
6.5455
10.174
5.9244
10.083
8.4823
7.022
9.8943
7.0893
12.156
6.9746
8.8391
6.1241
9.2389
8.3936
9.2762
9.3057
9.2636
7.7344
8.3165
5.4926
6.4871
11.661
12.341
9.3319
46.123
47.195
29.233
1.56
4.8985
6.2546
5.352
10.024
8.459
8.8261
9.023
9.2414
6.5237
7.361
8.47
13.007
8.9067
4.5496
5.8998
8.3779
13.407
12.833
13.54
5.4047
13.991
9.9183
7.0171
8.1674
9.1971
6.2605
57.909
52.886
34.103
1.6871
2.3432
5.4426
5.7941
8.0193
11.47
7.9576
6.5534
6.9615
7.3454
5.3247
8.0253
13.981
5.6862
5.146
5.4762
3.6042
8.8804
9.7416
11.326
7.8467
6.7716
6.725
8.0548
6.3566
8.8152
9.1549
56.724
46.382
19.604
1.9452
2.0597
6.2779
7.8714
8.2125
14.478
6.0288
5.9209
5.8144
6.2009
5.8948
9.1248
9.9587
9.0493
5.9224
4.5216
3.2402
10.542
14.557
8.2314
6.6667
7.0925
7.6296
6.4094
4.4158
8.7471
5.1503
70.638
59.951
38.377
2.2304
2.2719
6.546
8.6471
13.551
15.714
9.5651
9.9068
5.7308
4.2513
5.0728
13.182
15.067
13.816
5.5392
3.7294
3.4199
8.1522
20.522
15.374
6.4629
7.296
6.3847
6.264
7.2074
9.9421
7.9009
66.31
61.858
31.849
2.6468
3.7211
9.0702
9.9405
10.278
6.8653
6.0502
6.7412
11.801
8.5109
4.3644
8.4512
17.76
11.496
3.5115
2.8242
2.9472
3.3742
9.7237
9.484
8.0216
4.9438
5.5894
5.9624
4.9675
5.1113
5.1699
5.38
6.8295
15.702
12.598
6.5907
15.857
14.917
15.313
13.788
16.81
15.894
21.854
16.874
21.175
18.633
11.547
8.6308
7.4836
6.1847
11.859
9.5211
7.2036
6.5503
3.6728
12.817
6.5708
6.0921
5.1996
7.6877
7.0007
6.0683
7.7109
27.421
23.879
9.0141
14.262
9.3028
14.774
14.992
13.495
18.25
16.109
18.782
26.605
17.16
7.7043
8.8489
12.772
10.044
13.76
8.1039
6.3795
7.4577
4.4363
16.699
8.6813
7.9407
6.2452
7.4056
7.1215
8.6386
5.899
14.242
12.155
2.507
2.4033
9.5161
12.043
12.838
11.103
12.462
29.82
32.055
25.379
24.563
17.386
6.2009
4.5016
11.998
7.7097
5.5153
6.3506
6.494
6.6374
13.621
8.1527
7.8289
7.8521
9.2772
7.4907
8.1924
7.4403
21.159
9.9245
2.238
2.1795
2.653
14.357
8.445
12.605
15.171
11.073
17.589
21.125
7.2083
7.0536
10.135
5.7387
9.4703
4.9871
5.3672
6.7371
5.4224
6.0931
6.51
8.1471
8.8463
7.2302
9.9861
7.3947
10.937
9.3235
26.264
5.623
8.7093
4.602
5.9528
11.087
9.5511
11.851
13.863
12.028
9.587
8.5317
6.9153
7.3719
9.2434
10.935
12.788
7.5593
4.8781
6.2357
4.7455
3.683
8.1234
6.4926
8.3923
8.8494
8.058
11.089
9.8369
14.386
19.562
8.3767
6.8949
3.6087
2.4244
10.207
8.6631
14.539
11.137
11.254
10.377
7.8172
12.899
9.3843
9.3181
13.356
11.444
7.7087
6.5983
7.4205
4.49
3.7994
6.9682
6.7175
6.7905
8.0359
12.858
9.6817
8.7563
8.5976
9.8266
18.167
2.3444
1.5369
4.4356
6.8126
8.2558
13.985
12.3
8.9763
8.291
10.054
5.5413
9.9661
7.5474
7.8937
8.3238
3.9285
3.9271
4.4179
3.2923
3.2793
6.0426
6.7636
6.5455
6.4085
6.7065
8.952
5.547
7.7762
26.023
25.218
18.192
8.2625
5.2131
7.3421
6.6431
5.7139
6.9811
5.8671
5.6244
4.1057
6.3799
6.3157
6.445
5.2969
5.556
2.7028
2.6426
2.9331
3.3341
3.3297
5.5539
5.1264
6.6867
5.7636
6.7682
8.2615
5.9803
8.5376
17.339
24.617
9.1971
21.383
14.667
3.8536
3.7375
3.206
2.7341
2.732
5.7103
2.2875
8.2181
4.5061
5.6501
4.6766
4.9353
3.7577
2.8991
2.8257
3.2719
3.4677
5.7098
5.2594
4.4384
6.3616
7.0239
5.4437
7.1606
6.0114
11.828
11.277
9.6006
3.7953
16.881
10.183
3.0533
3.3752
3.1855
3.497
3.7213
3.7151
6.0778
6.0974
5.2614
4.5315
6.815
3.2111
4.7191
3.4325
3.9643
3.5878
3.4826
4.3087
4.5995
3.926
4.1644
5.3329
10.007
27.15
28.406
15.174
10.663
4.9387
14.64
16.641
3.2297
3.3595
4.9133
6.9936
5.4178
4.2077
7.4328
3.1634
8.5204
5.4948
6.4649
2.7638
4.5531
5.7508
3.1176
2.4461
4.8788
3.649
4.362
6.9613
8.371
4.4017
25.195
35.697
27.455
6.721
8.0375
7.688
11.38
21.247
11.32
4.0091
4.1904
5.4092
2.7746
7.6438
3.4267
3.3556
10.459
10.654
7.8422
3.6829
2.9739
5.191
2.4971
2.2428
3.2089
4.7059
7.3224
5.4565
5.6765
11.87
31.931
38.932
29.489
3.4617
8.5415
6.335
10.396
21.412
14.658
6.3318
7.149
5.1989
5.7005
11.417
5.3168
6.0624
8.4354
9.6877
4.4361
3.8112
3.2008
3.3335
2.7821
2.8035
3.9023
2.9146
2.9974
3.0715
4.9249
12.69
16.235
39.645
32.779
1.7291
10.147
9.6965
6.0323
15.94
14.19
2.7148
3.4208
3.469
3.8082
6.1836
5.5726
5.8656
6.3589
7.9254
5.7713
5.0632
4.7971
4.753
4.1373
5.858
3.4376
4.1088
3.071
4.1544
4.8947
18.128
25.839
37.021
29.635
2.0154
17.452
14.773
6.9422
11.451
14.65
11.376
7.5202
3.4758
5.8127
5.5157
5.3116
4.7413
7.0161
10.718
12.307
10.949
4.6743
4.3084
2.896
4.5486
3.4951
3.7604
3.006
3.5407
5.1624
13.43
19.279
27.128
23.275
4.0997
9.5117
7.8779
9.0941
10.227
11.773
12.529
14.819
11.024
9.5086
8.0373
7.3706
6.2216
11.235
10.792
8.9397
4.6429
2.8653
3.2917
3.1974
4.0821
2.5015
3.9431
7.2956
5.9961
3.2341
5.2334
5.014
8.8874
16.578
17.096
18.934
30.422
46.334
35.237
51.575
43.878
42.704
50.189
56.321
58.42
28.6
48.112
30.842
20.653
10.562
11.268
8.9489
7.31
23.019
12.612
2.6687
2.2945
4.3171
5.7717
5.3752
5.389
14.591
13.584
12.852
19.853
10.892
17
16.745
11.448
37.169
42.483
31.86
34.284
49.246
55.151
51.513
41.357
24.365
11.068
9.2049
10.59
13.786
9.0501
15.988
11.219
5.4282
6.1836
7.5472
9.5763
8.7219
5.1913
11.193
6.6306
13.035
16.04
3.6077
3.8604
10.399
8.7003
16.123
15.51
19.623
28.186
27.99
20.599
45.444
16.3
15.431
11.138
8.3965
7.3835
7.4976
7.9217
8.7046
15.619
9.116
9.6092
8.2561
8.2477
10.508
8.3577
12.365
8.3395
20.097
14.03
2.646
2.3882
2.7174
7.9705
15.312
16.457
20.917
16.184
4.5699
54.572
39.207
23.689
16.804
13.3
9.6286
8.245
7.0354
9.7162
10.09
5.4139
8.1986
9.0739
6.8144
9.1893
8.5081
9.4628
7.361
8.8143
19.819
8.9066
9.4661
3.049
4.0127
8.4356
7.811
8.2968
10.265
12.818
6.0095
45.58
17.108
13.545
10.252
7.9266
6.4133
7.0792
6.7445
7.7031
4.4221
5.6022
11.042
10.015
9.7414
8.483
11.434
12.71
10.787
16.548
16.604
6.7231
5.5145
2.184
1.4602
8.3223
6.8218
8.5785
6.5134
7.8425
5.6783
28.437
11.648
8.8549
13.862
10.149
7.9136
7.7217
7.7214
5.2945
5.871
7.4177
10.98
9.6894
9.4066
16.304
12.405
8.4426
8.0338
11.734
14.763
13.583
1.8462
1.6028
1.7643
8.8092
9.3855
6.2685
12.881
11.603
6.0581
12.068
8.2587
11.583
8.3691
11.621
7.9169
8.6745
8.2896
6.3833
6.8059
4.9573
9.2205
8.9063
10.019
6.7212
6.5346
12.685
8.163
13.993
38.82
28.622
13.365
10.064
10.787
8.7384
9.7904
5.1358
7.9693
9.3381
5.9354
12.782
10.351
8.6264
5.567
5.8593
5.0614
4.8821
7.9149
6.5853
7.4025
8.8401
7.7842
8.4892
6.5888
7.141
6.6927
9.5982
10.37
18.885
15.789
16.371
1.6837
13.688
13.683
8.2711
7.5266
9.6511
10.608
8.1821
4.8105
11.062
10.273
5.3692
4.7045
5.9861
3.7836
3.5795
4.3661
5.3957
8.353
6.1728
7.1531
7.0951
5.8815
8.4465
10.96
7.6482
11.43
41.825
8.2981
18.685
4.9617
2.4707
10.148
10.104
4.0769
4.4466
4.4135
8.2408
5.9999
9.8243
7.6543
5.4376
6.2021
5.158
7.3863
5.2678
3.9101
5.1097
5.4139
8.1742
8.0704
7.8001
8.7076
5.8815
7.1013
6.9005
29.275
12.067
16.544
14.645
1.7482
4.7342
8.4756
10.122
5.4466
5.0159
7.2988
8.4829
4.4414
9.3102
7.6319
4.5755
3.0088
4.0276
4.5203
5.3588
6.6711
5.3952
6.0953
6.8964
6.8357
6.4949
6.4293
4.884
7.4144
7.8747
24.715
18.267
2.4144
3.6859
6.3827
1.4649
9.5664
6.8425
7.4078
5.7643
8.4376
6.9574
7.6881
12.801
8.8408
7.2099
4.8347
5.2023
4.861
3.2915
4.0986
7.8165
3.0166
3.79
4.8634
6.0973
8.2268
7.2316
7.7631
23.218
23.886
28.182
1.5333
4.514
7.1013
1.5667
8.2756
2.7756
10.538
4.6869
4.2011
6.5641
4.251
16.205
11.106
4.3599
6.6166
7.4265
7.8372
6.5672
4.8421
4.6253
3.551
2.8829
6.7638
7.1951
6.534
5.3637
4.0859
11.644
26.495
14.841
1.8268
3.9338
8.6031
3.8627
4.0625
7.1059
13.362
7.3144
6.7374
6.3662
4.6087
9.1105
12.239
8.1154
5.8814
2.966
6.2904
4.7155
5.23
4.0062
4.4146
2.518
4.1393
6.5109
3.4944
5.305
4.1622
9.398
28.162
2.6473
1.5765
4.7612
11.542
6.8116
9.0258
8.9349
14.592
3.9757
3.2737
7.0329
9.4402
9.0898
6.5724
5.8758
5.1381
5.6088
3.5329
4.7566
6.0125
6.7365
7.4366
3.5295
5.5484
4.8894
3.7606
3.6713
4.1782
6.5525
17.308
10.004
2.4805
6.5924
5.8435
8.3289
6.3461
8.8236
9.7793
8.8194
6.5198
11.604
13.333
5.6343
7.8116
5.5492
13.326
13.936
7.1672
5.5436
3.8351
6.0906
7.2299
4.9545
4.1337
3.7209
3.3207
3.9016
12.631
15.396
12.496
9.8519
11.517
16.815
23.666
24.653
25.176
50.003
52.58
39.284
42.885
37.005
53.89
9.497
18.746
21.852
25.455
30.372
26.655
19.099
6.7696
7.2382
7.0983
6.3265
3.8737
4.0952
2.9209
8.483
13.12
14.866
8.817
14.505
13.006
21.765
18.376
13.823
24.896
41.453
68.831
54.014
39.765
53.815
7.216
8.1718
12.705
24.202
26.251
22.986
11.458
15.139
6.1644
10.638
9.4331
6.0533
5.3907
3.8292
2.9604
15.908
16.199
11.712
9.1806
6.5491
9.6934
14.391
5.6682
2.5552
4.0162
4.6
24.303
13.408
27.077
16.75
8.1932
9.7328
31.198
17.234
25.705
28.221
13.738
14.387
14.019
15.384
8.8703
9.091
4.9821
5.4583
9.1358
8.6352
6.4262
4.9137
3.95
7.5531
15.167
23.407
2.3353
2.316
4.7061
5.3119
10.656
17.307
11.499
6.9541
8.7974
12.989
21.104
22.788
17.899
19.332
15.736
7.5564
11.239
7.905
5.6052
4.0961
7.0644
5.4482
8.6186
7.9154
8.34
8.9709
13.933
15.051
17.214
19.173
8.6363
5.3971
5.6233
6.2376
4.3588
16.65
4.6801
6.388
12.265
10.406
6.042
14.311
13.026
11.804
7.0293
9.965
11.027
12.009
12.559
5.8224
6.5467
4.5708
7.5791
7.7112
10.788
10.271
13.196
12
9.423
10.767
3.858
4.775
1.8584
2.4366
8.8767
12.689
8.0963
7.2306
11.694
7.9505
10.958
13.346
7.3439
7.6973
4.8084
9.977
13.941
10.277
14.088
5.9357
9.492
15.459
16.124
8.0141
12.544
8.327
6.0939
10.162
9.7965
13.173
8.8159
1.645
1.5191
3.5978
10.137
10.939
7.7147
7.6405
8.887
10.038
9.0202
9.3851
7.0981
6.7258
6.3361
4.5315
6.0561
2.6071
14.361
6.5818
10.904
11.353
7.8657
8.1814
6.5303
7.0847
11.653
9.3902
30.936
28.311
23.37
4.394
14.021
9.0701
13.503
12.409
5.6701
8.0953
7.5387
9.4836
7.6774
4.9167
4.7493
3.8248
3.1981
4.2996
5.2419
4.0332
13.702
7.4846
5.3847
6.5453
6.0958
6.2828
5.1133
5.5764
5.9844
4.1418
27.741
7.497
1.6739
2.5214
9.9593
9.4457
4.9421
7.8905
7.7322
7.437
6.4955
6.8749
4.8461
3.5192
4.3068
2.9657
3.1253
4.411
4.666
5.9663
10.049
6.6008
5.5375
4.382
5.5479
4.7981
5.9926
6.1367
6.6952
37.394
13.505
3.4948
2.762
2.7531
3.2531
18.416
6.7365
3.8124
5.8129
5.7044
6.9854
7.3555
3.3099
3.2315
3.8294
3.6181
3.2988
4.9357
3.6498
6.8425
6.8394
5.409
4.4027
5.177
5.0092
5.5473
5.7183
5.9855
28.356
20.054
6.5583
1.8742
1.7595
2.592
3.8798
5.515
8.8894
5.3238
6.7097
4.736
4.1391
4.1041
5.1266
3.2271
3.2203
3.9115
4.6936
5.4745
4.8031
6.4601
8.4119
4.3656
4.7208
5.4903
3.8897
8.006
7.1726
6.8439
30.612
5.7172
1.9783
1.5725
2.4195
1.4838
4.8372
5.9427
12.833
4.7876
9.7776
3.4602
4.691
3.5127
4.0481
2.9859
2.5767
4.1478
6.6713
4.6164
4.2037
5.6453
8.4069
4.5502
5.384
3.8036
4.8988
3.5572
6.7398
7.9705
34.819
4.5859
1.7887
1.459
2.3804
1.8839
5.1616
5.4181
2.0558
11.809
7.7545
3.0408
2.8033
2.6155
3.8149
4.2835
4.0981
3.5062
3.664
2.1713
2.2055
7.1183
7.7422
4.4877
5.3987
4.6358
6.0513
3.1328
4.4767
5.3964
31.195
3.8498
1.8396
1.5586
3.5819
3.7128
3.7938
7.0528
4.4782
20.594
3.746
3.2299
2.9004
3.7299
2.7332
3.2118
4.5634
5.0321
4.2578
3.5695
2.4713
5.9803
3.3702
2.7496
2.6605
2.6506
2.2913
2.5645
4.9838
5.8413
35.385
1.5786
1.6113
1.8163
6.2007
6.6795
8.3451
7.4022
8.7065
18.107
4.8722
3.4301
2.464
3.9652
3.7228
3.9296
4.062
2.262
6.1888
3.352
4.5423
5.017
3.1142
3.2634
3.0754
2.8115
3.0809
2.4124
4.3434
5.9105
34.061
3.5434
1.5336
2.2532
6.7977
11.867
11.775
11.094
12.397
13.627
9.3936
3.9408
2.4979
2.6829
2.7092
2.8402
3.3198
8.0594
4.48
3.4491
4.534
4.5331
3.789
2.8301
