0
0
0
0
0
0
0
0
0
0
0
0
0
0
0
0
0
0
0
0
0
0
0
0
0
0
0
0
0
0
0
0
0
0
0
0
0
0
0
0
0
0
0
0
0
0
0
0
0
0
0
0
0
0
0
0
0
0
0
0
0
0
0
0
0
0
0
0
0
0
0
0
0
0
0
0
0
0
0
0
0
0
0
0
0
0
0
0
0
0
0
0
0
0
0
0
0
0
0
0
0
0
0
0
0
0
4.8025
3.5367
0
0
0
0
0
0
0
0
0
0
0
0
0
0
0
0
0
0
0
0
0
0
0
0
9.2944
11.673
10.753
15.977
20.637
4.2652
0
0
0
0
0
0
0
0
0
0
0
0
0
0
0
0
0
0
0
0
0
0
0
0
5.6165
21.091
26.551
22.89
19.132
0.031239
0
0
0
0
0
0
0
0
0
0
0
0
0
0
0
0
0
0
0
0
0
0
0
0
0
38.431
46.171
18.34
21.235
0
3.5258
21.35
2.8613
0
0
0
0
0
0
0
0
0
0
0
0
0
0
0
0
0
0
0
0
0
38.489
50.936
29.76
15.43
13.992
0.28751
5.2058
70.143
16.922
0
0
0
0
0
0
0
0
0
0
0
0
0
0
0
0
0
0
0.91458
48.357
44.062
50.742
4.4115
19.369
29.747
49.909
7.5457
2.7688
46.944
48.614
0
0
0
0
0
0
0
0
0
0
0
0
0
0
0
0
0
0
3.8127
23.762
19.06
13.141
6.9284
26.007
38.952
82.502
11.43
35.785
53.457
53.613
0
0
0
0
0
0
0
0
0
0
0
0
0
0
0
0
0
0
0
0
0
34.287
0.046875
24.837
32.922
68.303
26.044
24.951
31.133
20.694
0
0
0
0
0
0
0
0
0
0
0
0
0
0
0
0
0
0
0
0
0
50.797
41.553
28.139
28.734
45.265
18.48
25.253
25.746
3.6329
0
0
0
0
0
0
0
0
0
0
0
0
0
0
0
0
0
0
0
0
0
41.554
48.898
34.799
50.217
37.174
33.748
27.505
14.214
0
0
0
0
0
0
0
0
0
0
0
0
0
0
0
0
0
0
0
0
0
0
0
0
0
0
1.3289
0
0
0
0
0
0
0
0
0
0
0
0
0
0
0
0
0
0
0
0
0
0
0
0
0
0
0
0
0
0
0
0
0
0
0
0
0
0
0
0
0
0
0
0
0
0
0
0
0
0
0
0
0
0
0
0
0
0
0
0
0
0
0
0
0
0
0
0
0
0
0
0
0
10.378
8.5824
0.058371
0
0.12016
0.11614
0
0.066154
3.1921
3.8832
0.40438
0.15879
15.046
15.165
19.363
24.595
11.284
10.632
10.537
11.69
13.768
27.112
56.265
55.479
13.275
13.245
12.198
17.767
12.542
8.605
4.9363
0
0.015625
0
0
0
0
0
0
0
0
0
23.174
15.691
23.724
9.3365
8.5824
13.491
13.867
22.766
43.658
30.802
54.768
64.633
55.555
16.18
10.014
9.0839
15.171
6.2713
0.15435
0.15284
0.22644
0.17791
0.088053
0.1842
0.20115
0.076331
0.15131
18.294
27.426
19.932
30.758
23.034
23.417
5.1303
7.5545
7.4038
7.6766
28.741
43.585
23.462
41.408
14.895
54.201
24.553
16.917
7.855
20.844
10.715
3.1345
0.21192
0.23118
0.2114
0.20769
0.17401
0.24397
0.17401
60.645
62.146
38.269
32.141
34.757
27.776
27.758
0.205
2.1342
18.313
15.121
22.276
35.546
23.304
31.827
40.645
40.81
31.682
12.118
1.8692
22.91
13.644
22.945
25.424
0
0
0
0
4.1188
6.0558
82.172
74.576
14.329
36.412
51.583
24.242
31.026
25.132
15.088
23.844
23.808
23.806
25.143
10.349
11.271
28.494
50.332
29.36
9.1072
3.3762
26.679
14.359
16.785
34.267
40.903
37.869
22.771
32.226
23.792
14.782
54.114
53.829
36.103
42.594
42.019
25.976
50.578
29.486
36.664
36.216
28.949
23.85
38.895
30.596
34.505
15.026
39.206
2.7814
16.924
6.6695
44.036
10.443
9.6731
4.8652
0.27901
19.175
31.68
25.118
24.544
29.046
45.505
41.459
35.645
43.128
35.871
35.66
37.701
47.906
48.295
53.986
43.211
34.174
38.594
30.898
28.726
51.437
33.943
41.405
25.042
31.93
42.582
11.248
8.3278
4.4713
4.0192
10.711
12.861
12.696
15.552
19.065
43.999
63.864
38.827
40.129
30.324
23.838
51.657
68.199
60.516
56.489
36.259
37.65
38.065
36.571
9.943
24.897
13.921
13.137
16.718
37.846
23.71
11
9.7073
9.1367
4.0626
9.8539
15.542
18.604
16.088
13.319
41.7
60.82
37.35
16.943
5.9755
41.467
54.281
50.759
51.197
26.583
35.914
35.203
25.804
38.389
22.141
11.643
13.635
18.789
26.707
25.826
10.768
8.1787
4.0145
3.1733
45.129
36.745
33.997
15.656
12.869
28.182
30.561
26.835
18.072
15.059
17.911
21.234
28.404
18.856
26.45
23.442
20.146
26.731
32.838
30.85
11.518
18.648
25.421
21.969
22.991
16.925
10.571
11.244
6.8148
4.9343
24.223
48.624
50.404
58.343
11.365
12.301
12.418
11.32
8.9804
13.484
9.5576
5.1773
8.1256
8.6879
20.014
20.903
24.159
26.26
30.245
18.384
11.207
17.223
19.655
15.789
10.167
7.5376
17.407
13.921
5.8504
5.6358
6.9978
19.5
13.038
21.625
8.105
7.4848
9.21
10.264
6.8026
5.2294
4.846
9.1506
6.2679
7.6622
5.414
20.661
27.898
30.774
11.944
6.253
5.0127
9.3572
9.3884
14.124
24.452
20.079
20.961
17.238
11.129
9.6894
8.9334
13.681
12.248
12.485
10.409
10.793
9.9872
9.2629
10.816
11.789
13.311
8.2481
14.588
13.582
13.316
25.25
25.807
16.693
7.4798
6.7229
10.044
13.008
13.601
13.833
15.511
9.2994
9.9866
6.3073
16.328
10.286
11.24
10.163
8.597
8.298
4.6148
4.5798
6.6337
5.3685
12.871
12.253
15.678
17.28
15.698
5.1053
7.2984
22.555
10.955
6.105
8.6739
6.4772
6.5571
6.5663
8.8126
7.1232
8.9201
14.332
13.45
9.9332
7.6694
10.652
5.5917
6.2123
6.0866
6.5862
6.7206
5.3148
5.8542
7.4856
12.322
9.102
5.6296
3.969
9.4587
14.32
16.997
28.838
25.588
9.6409
8.8253
5.8157
5.5314
6.4598
7.692
8.7549
5.9647
6.0723
3.6316
3.2102
5.248
5.004
7.0775
6.6433
3.9875
5.1929
5.4087
4.6082
4.0445
4.4694
4.3017
4.0007
3.535
5.3276
7.1718
13.983
20.298
21.961
21.7
23.151
27.452
25.279
27.59
33.113
29.76
14.957
7.8839
7.0525
7.6685
5.2488
8.7623
11.882
10.874
6.232
10.273
14.242
6.3177
8.4213
5.0748
9.0349
16.349
21.271
26.41
25.362
12.455
22.251
33.136
11.707
12.086
22.392
30.554
13.27
13.722
21.265
17.635
18.351
10.283
8.4311
22.084
24.331
9.4188
9.2362
9.0382
10.826
9.1644
8.1815
10.811
9.9918
6.1116
30.912
16.656
10.638
13.921
19.686
15.918
14.8
31.3
17.218
11.063
22.48
16.014
15.013
14.467
28.062
17.857
15.414
17.45
14.284
12.584
11.697
14.506
17.615
11.821
9.6522
20.495
16.424
16.023
11.659
13.445
31.617
14.98
12.638
28.499
19.549
12.276
20.667
24.863
14.684
14.279
33.906
17.696
14.061
16.517
19.41
13.765
18.171
20.36
11.84
14.448
13.662
15.271
27.664
44.293
18.673
19.52
20.265
23.119
19.354
23.496
21.485
21.46
24.41
27.717
29.042
32.898
28.012
22.574
23.862
20.203
22.883
16.899
25.886
24.174
21.289
26.26
19.571
13.692
14.706
22.232
14.281
17.078
50.425
35.663
32.565
30.27
29.314
39.817
32.21
59.418
39.083
33.14
47.996
55.81
37.108
32.123
26.03
24.766
32.155
25.456
31.303
21.303
24.351
25.644
23.546
23.013
25.457
19.544
24.719
20.814
24.781
20.685
46.893
25.2
20.73
21.256
23.914
19.51
27.613
53.077
37.243
38.289
33.684
41.357
32.386
30.613
55.576
15.428
21.264
20.001
20.033
16.395
22.688
17.5
17.588
15.406
14.745
18.8
16.564
15.575
16.796
23.589
29.415
35.623
25.418
28.156
28.749
19.871
16.963
41.416
37.199
39.04
29.394
27.279
28.765
47.01
43.34
20.248
15.137
13.969
20.777
20.328
14.487
54.103
75.116
72.556
65.44
24.202
14.346
10.945
21.823
22.764
22.973
25.146
16.69
23.814
29.004
18.477
20.987
27.765
47.103
94.705
42.92
31.703
40.222
49.751
38.322
31.968
34.632
28.702
35.901
22.225
23.042
41.676
69.497
76.583
71.83
39.795
20.93
21.977
27.443
23.506
11.179
13.316
20.275
21.36
23.982
16.476
22.649
21.168
32.903
72.088
58.803
31.026
40.665
38.91
47.359
40.606
37.223
21.491
26.882
35.071
36.737
35.568
66.883
42.203
32.425
26.441
17.716
22.384
18.589
10.386
6.7686
11.352
21.269
8.7593
7.4515
18.54
16.701
21.8
20.045
53.906
82.366
51.911
24.353
31.382
44.969
54.992
49.09
26.434
29.719
20.536
22.856
20.694
21.412
18.553
14.967
7.3599
4.1386
10.471
6.955
7.3772
5.5325
6.0791
7.692
6.3863
4.7827
7.8699
14.65
17.287
6.7138
11.895
60.013
58.649
31.816
14.777
16.903
16.755
22.922
23.855
23.797
26.301
28.128
21.398
19.895
26.324
21.707
26.39
24.544
24.213
22.561
27.536
23.096
4.763
27.408
25.53
8.6797
25.87
20.549
21.887
6.9286
28.073
25.394
30.012
6.0536
18.569
30.82
20.999
22.741
20.484
22.27
21.234
9.0346
23.314
24.162
20.101
18.93
25.509
21.927
20.25
24.426
19.164
27.801
23.311
21.014
25.794
19.012
27.874
20.015
26.015
24.708
19.795
27.533
16.9
2.7008
6.9447
26.679
29.895
31.226
26.551
26.552
24.844
17.83
18.619
23.047
25.297
14.467
25.924
27.613
14.771
21.732
20.164
27.678
22.447
18.986
26.486
21.617
24.199
22.013
25.96
23.402
17.839
28.335
17.786
8.9659
6.3674
9.9733
3.1053
1.2041
10.144
6.7184
0.98796
8.1665
9.0863
4.226
4.088
10.396
6.3218
4.0807
9.2616
7.9612
25.517
5.9663
18.318
27.822
14.08
10.849
27.486
23.827
5.2684
22.25
27.157
9.1361
5.3845
4.1515
3.5757
4.243
5.4961
4.7752
4.3909
5.4896
5.0885
4.4912
4.6779
5.426
4.7088
4.4038
5.5276
4.9553
4.4398
5.0648
3.4953
10.718
26.408
23.172
3.4514
14.156
32.053
17.638
18.373
28.575
22.382
3.8415
18.407
34.268
3.6029
9.2408
30.552
16.631
17.63
4.7678
5.3517
3.6746
15.302
5.2857
5.2925
4.0187
4.9989
5.1931
2.132
2.4361
4.4054
3.1903
40.428
6.6195
4.9198
3.284
13.783
8.1518
6.6687
4.0584
4.5562
38.929
7.171
4.4023
3.5366
36.842
6.9206
4.8182
2.7631
12.894
10.235
10.528
11.431
24.579
13.712
10.901
21.889
12.63
10.532
11.761
4.6882
4.864
40.42
2.8747
4.4712
4.8658
4.3079
23.704
3.6109
4.3746
4.9991
46.206
2.8523
4.8481
4.9185
43.102
7.0277
1.8134
3.0239
24.848
15.546
10.088
9.5212
14.212
15.863
9.5245
25.707
18.093
11.262
16.27
12.107
17.563
42.475
7.8734
17.564
10.35
3.6883
25.961
12.315
5.941
2.2688
48.824
8.1474
3.8748
13.044
47.141
14.795
0.70425
3.6304
16.677
13.181
12.446
24.213
9.1581
15.734
11.447
11.915
14.835
12.183
23.679
16.946
17.749
30.246
23.463
23.218
17.469
19.542
26.56
21.287
16.038
22.752
41.692
23.408
35.711
33.379
41.069
13.771
10.775
28.628
9.5985
18.286
20.906
25.768
23.174
21.54
32.317
10.705
17.016
20.74
18.226
19.82
10.37
27.911
18.644
13.078
12.588
19.396
19.945
21.22
8.5263
16.968
50.397
67.786
27.348
29.422
44.173
45.732
53.784
48.708
42.423
44.196
50.247
42.386
22.079
54.74
46.483
24.38
22.21
42.918
38.78
26.886
15.765
31.218
31.716
18.944
26.853
32.334
20.731
23.235
32.281
31.518
22.159
17.405
26.365
34.954
65.501
52.492
41.631
6.9287
48.242
55.606
6.7746
8.2614
22.869
35.029
6.5951
7.8898
24.24
16.811
7.3577
26.665
28.39
26.019
20.3
28.247
28.561
24.554
15.174
48.255
46.397
42.667
20.558
25.398
33.73
55.857
45.239
14.444
7.2976
7.615
18.107
7.3469
17.906
16.672
47.419
63.016
17.917
15.098
22.572
20.343
15.815
23.747
26.105
21.28
21.826
15.252
13.313
24.208
18.1
8.3092
47.421
78.13
22.844
31.265
35.368
44.724
29.826
20.089
8.8223
9.2894
32.526
24.987
36.333
33.655
69.142
62.4
65.743
36.221
17.593
17.648
11.23
17.148
28.112
39.438
19.158
18.893
21.484
28.314
17.54
23.121
21.551
77.728
69.292
9.0566
31.309
43.92
53.311
46.647
41.777
11.795
28.261
24.541
11.194
20.784
40.447
9.472
31.548
23.331
11.304
12.44
13.619
48.393
25.561
16.274
33.924
33.886
28.534
24.661
48.01
26.467
22.923
55.444
25.322
65.003
28.951
28.803
31.879
61.254
62.669
25.453
22.582
20.046
20.761
15.113
19.558
18.982
7.2138
6.9486
15.956
6.0963
5.2617
24.249
33.964
33.225
24.744
25.172
34.851
29.381
26.085
21.127
25.785
24.171
56.869
36.076
13.133
32.328
23.017
29.141
19.634
20.236
31.11
27.951
19.765
7.692
24.716
20.415
10.524
20.97
16.998
24.592
20.229
26.451
12.511
15.65
14.719
9.4094
30.859
15.687
12.659
5.2675
39.183
14.831
6.6443
4.8155
31.75
21.588
31.178
20.416
22.766
8.0879
7.4871
9.7452
8.1521
3.5863
9.9347
31.11
19.676
17.234
29.012
23.932
20.286
39.72
30.613
28.585
14.596
28.059
31.189
22.553
7.8338
6.0515
33.651
11.722
4.1973
6.3544
39.187
0.87411
18.271
24.877
10.286
3.3173
3.3106
4.2357
18.849
29.185
18.232
14.306
28.287
24.457
8.1808
23.964
29.355
30.644
15.943
21.345
17.732
35.714
22.767
11.794
6.7459
37.018
19.8
6.7358
7.3925
24.241
15.889
3.9507
5.552
6.651
5.7814
3.6844
6.2098
6.4628
7.1936
26.864
17.869
15.629
22.25
24.126
10.581
22.286
29.207
22.024
21.217
3.8393
13.116
24.496
7.6529
2.597
2.6954
39.654
3.6828
2.542
2.8239
40.284
0.57835
5.2917
4.5792
1.5755
1.0901
2.0252
2.4248
1.7241
18.347
24.937
22.028
10.125
23.033
23.265
14.944
20.845
24.66
4.6065
2.1267
4.9556
24.966
3.18
0.4792
0.7316
0.89823
33.186
0.53538
0.72376
0.82458
41.561
0.45742
0.51436
0.55518
1.9193
2.3793
0.49891
0.74371
0.3154
2.7886
0
0.74326
0.31509
0
0
0.064298
0
44.546
4.1409
17.274
44.64
36.832
33.268
31.824
30.903
28.015
31.498
31.659
30.216
12.828
10.263
5.4358
5.1862
7.0022
8.1991
4.5308
28.434
37.339
26.314
39.891
44.549
45.359
42.78
48.336
20.42
37.471
41.024
40.302
9.1668
4.7969
40.721
45.024
33.377
28.928
28.362
23.298
12.668
14.307
13.638
7.0635
10.127
4.8005
3.6514
6.5046
4.7849
1.2304
31.134
36.178
24.45
22.734
28.523
36.669
47.504
46.739
41.252
41.597
33.899
1.2026
42.668
39.433
16.235
23.333
28.62
21.864
18.4
10.709
25.316
29.303
18.036
3.218
5.2585
5.4327
2.9651
1.4984
1.1251
1.1251
1.1251
18.424
1.1251
1.1251
1.1175
1.0798
41.073
38.193
26.14
1.1105
1.0827
1.0827
46.537
45.23
17.697
16.035
15.144
14.637
4.6657
5.047
34.482
48.139
34.233
10.258
3.3101
5.7915
3.754
39.119
32.435
0.42963
0.43307
0.43307
0.43307
0.43307
0.43419
0.43079
0.42366
0.42366
0.42992
0.42638
0.42366
0.42366
45.477
43.146
21.175
19.958
15.209
11.586
10.608
14.168
18.416
34.72
34.86
17.596
2.0681
25.765
37.262
39.001
28.152
30.477
0.36314
0.36314
0.36314
0.36314
0.36314
0.36314
0.36314
0.37345
0.37038
0.37732
0.37732
0.38234
46.783
44.95
17.18
17.252
11.082
20.681
28.887
32.933
26.475
16.922
23.197
21.391
21.349
26.041
40.855
46.948
65.543
58.618
0.46331
0.46331
0.46331
0.47153
0.47502
0.47502
0.47502
0.47502
0.47502
0.47502
0.47502
0.47502
46.564
46.153
12.803
12.255
15.6
32.311
31.212
21.596
23.303
20.635
21.944
26.566
32.598
24.5
34.719
44.776
49.611
38.734
0.6328
0.17401
0.17401
0.17401
0.17401
0.17401
0.14501
0.17401
0.23397
0.46321
0.57763
0.61065
43.478
42.119
23.854
13.607
13.422
34.522
34.213
15.02
18.729
22.265
21.178
20.865
32.495
25.555
27.035
36.532
38.21
23.543
0.12403
0.12403
0.12403
0.12403
0.12403
0.12403
0.12593
0.12403
0.29689
0.44172
0.44172
0.44172
39.029
39.791
36.94
14.016
9.7908
36.392
35.097
15.856
15.534
18.512
19.857
18.737
9.3874
44.692
22.806
43.086
41.906
38.306
0
0
0
0
0
0
0
0
0
0
0
0
46.438
42.301
36.962
12.7
9.885
25.551
24.353
21.295
5.6661
6.0992
11.955
14.506
12.418
45.82
40.237
40.206
44.337
47.266
0.20234
0.015625
0
0
0
0
0
0
0
0
0
0
17.782
12.127
11.211
9.842
6.8334
13.631
17.636
17.004
10.339
12.633
12.92
12.661
17.422
42.18
47.079
47.817
52.993
46.165
15.267
2.5517
2.5328
1.8499
3.0532
3.2894
2.5015
6.358
0
0
0
0
4.3296
3.9212
5.2354
8.0416
8.6061
10.369
21.325
17.999
11.374
13.045
12.006
13.711
15.975
43.505
58.69
60.908
62.436
35.687
15.792
12.225
5.0922
4.8349
4.016
3.8719
2.3566
7.9418
8.7456
6.0022
1.0528
0.49131
7.7081
6.8861
5.925
6.6621
8.4417
11.618
8.9699
6.382
9.0698
15.085
13.595
16.251
16.736
15.354
38.803
63.457
45.329
31.895
33.414
37.726
35.918
5.7814
5.8939
5.2906
4.9092
5.193
3.9714
2.5237
2.5595
2.2788
11.206
11.231
7.9162
6.8776
9.8883
9.0134
6.0478
4.4148
8.713
15.643
13.782
17.533
18.354
14.63
37.327
6.3807
41.307
22.573
34.71
40.307
17.126
9.7119
6.6568
7.4095
5.6479
5.652
7.2562
7.245
8.5606
8.8921
13.761
14.079
9.2011
6.9505
6.236
6.0912
5.5367
3.9339
1.7678
1.9093
2.0449
1.885
2.1202
2.3531
18.151
30.423
34.405
43.935
48.055
17.27
10.747
3.3905
5.6084
7.6294
8.7332
8.4993
6.3238
7.8665
7.671
7.2967
13.7
12.88
8.5808
9.1239
6.4526
6.2692
6.0494
4.0758
3.4255
3.42
3.7149
2.0635
2.6378
4.9878
4.3069
50.068
52.607
37.991
13.169
9.9845
5.3136
5.3869
5.0489
5.4435
7.7142
9.2135
7.5563
5.8184
7.2463
6.7837
