0.65453
4.2425
0.59386
0.54649
1.5314
1.1669
4.4143
4.895
5.3808
16.245
26.911
30.961
23.49
26.704
35.747
25.005
30.745
33.887
35.175
28.802
39.211
31.216
32.215
25.575
29.091
33.71
34.059
28.182
7.7398
2.3392
1.0326
8.7341
0.85825
0.85868
2.0928
2.1733
3.4473
6.3235
16.631
28.324
33.638
33.858
35.589
37.485
44.459
34.266
44.959
36.907
39.791
38.092
39.635
37.431
43.802
42.897
35.24
44.965
49.595
65.059
8.3123
4.861
2.2114
8.8529
1.5481
1.2362
2.416
4.0597
4.8715
10.459
20.933
30.114
28.192
36
35.824
35.628
43.573
39.875
36.033
39.204
40.366
32.818
33.733
33.025
35.174
40.326
42.498
51.204
43.597
64.652
31.597
9.1375
2.724
8.6353
4.7144
3.7679
3.9034
5.5215
9.5267
16.939
25.044
32.23
30.262
34.205
39.809
34.082
44.239
37.838
36.843
35.52
35.095
34.999
29.423
31.047
35.471
37.54
43.536
50.236
50.886
51.723
43.606
15.976
4.604
10.503
10.769
13.941
6.165
9.6456
10.175
20.764
26.905
31.036
30.222
33.292
44.732
33.867
35.896
33.459
34.741
33.642
31.418
31.707
28.164
33.68
35.155
37.146
44.191
48.479
50.824
44.066
43.198
25.957
9.8775
11.892
23.548
30.178
17.584
10.576
16.109
24.65
27.884
33.119
33.373
34.149
53.295
36.478
32.075
31.266
32.862
33.348
35.86
33.93
28.443
31.513
34.67
38.527
45.125
48.2
51.216
38.837
42.982
31.346
14.182
23.068
26.708
36.041
18.792
10.847
17.137
26.392
30.495
30.473
34.427
31.905
53.644
41.03
34.332
31.936
34.645
34.484
32.68
34.24
33.393
32.977
40.172
38.319
48.25
47.887
45.164
35.475
37.731
44.103
19.835
29.576
34.776
37.576
17.294
9.967
19.876
27.012
30.773
31.041
32.8
29.942
29.401
38.057
33.633
31.994
35.194
33.839
31.209
32.218
35.054
33.735
40.794
37.073
46.068
42.83
32.016
32.106
38.479
44.322
18.861
31.696
37.462
45.399
17.417
13.338
16.039
25.041
27.923
30.861
28.493
27.316
27.656
34.297
28.391
27.877
33.414
28.194
17.875
30.924
32.097
33.276
45.818
37.393
45.229
58.999
29.79
30.668
34.429
36.843
12.547
15.077
25.696
26.74
13.724
15.942
16.712
18.672
20.948
26.73
25.492
22.34
23.718
26.665
21.259
23.692
27.089
21.497
4.0035
29.687
28.756
29.198
32.304
26.862
35.667
43.575
21.287
25.075
29.75
39.184
5.5983
8.3943
9.5301
10.135
8.9397
9.1896
8.801
9.4666
9.197
12.184
9.3096
23.146
29.431
17.842
13.13
12.968
11.524
10.959
5.7689
14.992
8.2608
11.517
11.042
12.525
14.794
16.296
12.458
14.828
20.689
27.334
3.8824
5.6352
3.5591
3.0331
3.1654
3.1921
5.8964
4.1849
4.0126
24.603
22.571
8.7289
8.3774
10.062
8.3322
8.2709
8.3395
11.691
28.683
22.296
8.3433
8.005
6.7599
7.3318
6.3135
5.3171
6.0486
7.3581
7.2725
9.9387
3.6587
5.0894
4.9701
4.3814
4.232
5.7972
8.5685
6.6284
6.9526
21.694
16.284
13.253
8.4587
8.9978
8.646
7.2255
5.3508
7.3732
26.14
35.868
5.3571
4.9439
6.8296
3.904
2.7419
3.3082
3.3892
5.4877
5.2083
5.8839
6.3769
3.5534
2.5045
3.8532
4.7033
6.5803
7.8638
10.34
5.5447
7.6538
11.706
11.801
11.7
13.005
12.733
11.007
8.6377
12.739
20.867
32.517
6.2263
5.7102
9.4214
4.4047
3.1529
5.9695
9.9533
10.293
13.205
11.265
3.5355
2.3366
2.7988
6.6127
4.1067
10.554
11.295
12.499
6.7573
7.0565
8.8822
9.0608
8.2471
12.706
13.513
14.224
8.2095
7.6507
13.348
11.47
10.453
7.5319
9.1988
7.749
5.7538
6.1462
12.58
12.522
16.75
16.984
16.508
2.5113
3.6811
5.7338
6.8526
6.9264
3.8482
8.2663
3.5708
4.4766
6.1179
6.0191
7.5789
8.5617
8.2969
9.1183
8.9443
9.85
16.216
14.053
11.998
11.815
10.244
13.82
13.85
13.52
11.207
7.5818
8.995
13.344
1.474
1.5237
11.213
31.635
12.968
3.5609
3.4008
4.5537
5.8667
9.4179
15.306
19.455
21.642
25.874
30.468
31.838
25.943
31.491
24.005
21.361
20.074
15.884
22.964
22.761
19.328
17.524
22.927
26.775
30.914
17.879
1.4391
1.3733
16.968
39.41
20.247
2.9423
2.4305
3.838
6.8747
12.366
18.363
24.609
25.83
29.692
40.333
44.093
35.625
32.701
28.405
34.212
27.588
22.793
27.5
34.288
30.584
26.488
30.869
34.416
35.383
26.169
2.068
4.2302
21.01
31.802
14.106
9.4278
35.127
9.8049
8.3553
15.596
18.39
21.807
23.302
25.383
36.855
35.747
32.721
34.726
35.026
34.232
23.425
21.633
30.651
36.172
32.103
29.583
39.681
30.408
37.893
34.007
3.2682
6.0079
21.928
36.203
22.204
14.141
46.448
15.979
11.092
17.469
16.692
21.8
23.387
27.259
33.399
37.892
37.579
33.233
35.02
32.516
26.482
22.034
29.13
33.014
30.936
37.101
37.469
29.729
35.047
29.865
4.2788
8.0011
16.52
32.952
21.344
12.074
33.91
16.149
11.789
15.368
16.844
21.21
23.019
25.947
34.069
35.8
41.398
35.798
32.911
32.351
26.65
23.942
30.338
31.715
35.405
35.274
31.101
31.423
36.027
29.027
3.7089
7.357
16.175
25.914
20.074
12.104
29.611
18.231
12.703
26.429
19.864
20.238
20.51
26.265
36.678
35.225
37.533
40.257
35.539
31.988
27.919
32.775
31.264
31.882
32.128
36.688
33.682
31.814
35.46
33.837
4.5052
6.2309
12.857
25.114
20.361
12.331
28.125
21.084
17.017
31.518
21.237
20.151
18.788
24.107
42.91
39.524
35.668
34.703
37.311
30.326
39.061
33.369
37.057
33.812
33.872
35.684
29.295
29.549
32.83
32.441
3.7691
4.6383
12.869
29.043
22.987
15.2
23.366
16.312
17.924
19.707
23.08
21.279
19.117
22.156
42.706
35.726
36.244
32.287
33.896
30.931
36.363
40.453
35.236
31.794
36.357
33.735
29.311
29.591
30.841
26.549
5.3925
7.6418
13.663
24.025
23.32
13.136
19.829
15.346
18.291
18.816
25.439
19.147
18.701
21.732
34.17
28.776
32.202
17.29
23.536
25.761
32.449
33.965
34.675
29.752
32.218
28.462
23.523
26.842
25.094
23.927
4.9792
7.5239
9.5804
17.175
16.338
12.216
17.229
14.09
15.178
16.854
21.917
11.799
21.205
29.192
28.248
22.317
34.128
13.511
15.766
20.437
25.265
28.36
26.907
21.693
22.674
24.675
19.75
23.395
23.789
19.928
3.728
5.7284
6.2882
9.9799
8.5726
9.0261
8.3462
5.6734
4.7363
5.798
20.211
8.5402
7.2972
8.232
8.7067
7.3302
11.446
10.35
9.2517
3.6614
7.1107
10.181
10.702
9.4935
10.702
13.41
10.287
14.279
15.596
12.669
3.3775
6.3916
4.6287
5.2691
5.0301
5.4531
4.9022
4.4498
3.4551
4.3757
15.938
19.601
11.232
3.3521
3.3813
3.2244
4.293
21.908
9.482
1.7941
3.7064
8.7077
3.7728
4.0147
2.9174
2.6767
4.1691
4.9962
7.0501
5.975
2.9331
4.5258
3.8929
3.7454
4.2361
5.0834
6.0175
8.4669
6.1847
5.5679
5.0539
13.315
14.649
6.3194
6.2062
5.5689
5.5366
33.753
5.7917
2.4894
3.9972
6.8016
4.4964
4.407
3.4267
2.7682
4.1648
5.3655
7.3202
7.5612
10.045
5.0581
3.7642
3.7212
4.2203
3.7597
5.471
8.6547
5.3372
4.6633
7.0731
10.735
9.3279
8.9278
8.0365
9.873
8.4184
21.863
9.8441
6.925
6.0815
7.7554
5.1711
7.4555
5.2648
6.3987
6.7648
8.74
11.74
12.368
3.9188
2.7877
3.2822
4.7106
4.2412
5.1754
8.9213
12.493
13.94
8.33
5.6057
7.4812
7.8744
8.0801
11.05
3.6659
4.0268
9.2956
10.591
7.2146
8.2861
7.9721
7.5303
7.1161
6.4252
12.494
12.715
12.447
14.491
16.455
7.8039
8.8359
5.3132
4.4093
5.3469
6.1384
5.9329
7.7112
4.1288
3.6522
3.4179
5.2192
4.9455
4.904
6.4241
4.4293
5.5532
6.8704
7.6801
7.5108
11.333
11.039
8.4187
10.417
10.625
8.931
8.5518
9.5469
13.329
9.605
1.4117
1.7064
2.7651
4.5797
6.0839
5.2617
8.1984
9.1316
7.6726
3.4544
3.3298
4.6272
4.1213
6.3874
7.2751
14.724
7.9956
9.483
8.5774
7.1515
11.849
15.422
13.482
36.224
26.733
8.635
13.282
19.535
16.502
15.926
2.0184
1.6878
2.2538
2.7633
5.2574
3.9819
5.3971
5.3504
6.1409
4.9601
4.6446
4.3795
4.8788
5.2936
5.0017
16.626
9.7068
9.1854
8.6663
6.8295
12.985
23.365
17.958
30.129
31.152
12.972
10.878
11.443
13.898
13.145
1.4383
1.7109
2.4257
3.242
2.5616
2.9528
3.7292
4.7051
5.7893
4.8665
4.2776
4.3778
5.2385
5.3044
4.6775
14.211
8.9462
7.3602
16.228
9.8491
11.63
16.901
13.575
17.398
23.509
10.325
9.6165
13.803
13.012
10.03
1.4055
1.2604
1.6642
2.9737
3.2866
3.5053
5.5807
4.7764
6.2466
3.9886
4.274
4.3922
5.5082
5.6654
6.6922
6.8123
11.501
12.071
16.84
8.1612
10.884
13.724
11.15
21.349
23.49
24.479
12.302
14.946
11.71
11.061
1.4561
1.079
1.8441
2.6767
3.9039
2.6896
4.5851
6.1007
4.9876
6.566
3.3606
4.1998
4.4137
6.2287
7.7187
7.7999
11.633
15.634
14.109
9.4061
8.7131
13.212
18.73
21.843
28.94
39.36
28.331
15.425
20.243
19.752
1.5292
1.2095
1.8732
2.0503
2.9555
2.9897
4.4206
5.2225
3.8823
2.9538
3.6388
4.2266
5.5355
6.1224
5.919
7.034
12.918
9.0276
13.058
6.3032
8.2367
14.306
17.708
13.994
18.814
45.92
38.937
19.047
19.711
17.457
1.8078
1.0946
1.7744
1.8243
1.6466
3.5051
4.2385
2.577
1.3744
1.0845
1.6578
2.3492
3.7576
5.616
6.3003
7.4529
10.983
9.1667
7.3153
9.17
8.974
17.223
15.311
31.148
13.129
48.339
38.981
16.164
16.452
11.323
2.7983
2.1939
1.6851
1.5675
1.1622
4.551
3.8824
3.2447
1.7977
2.2449
2.6945
2.6923
2.2609
2.4741
4.2875
5.0623
8.3505
11.807
7.5114
11.388
11.717
16.274
16.948
36.207
4.8028
8.1397
34.878
12.557
10.692
13.971
2.6065
2.7884
2.923
2.9222
2.4879
2.4526
4.9825
3.3097
3.4807
3.3629
3.3215
4.2896
2.9573
3.088
5.0297
5.3364
10.676
10.148
7.8145
12.75
9.2187
18.312
26.122
38.407
4.6162
4.8305
12.128
10.678
12.439
10.269
3.176
3.1424
3.2723
3.1708
3.1042
3.4978
3.1389
3.6081
4.4006
4.5216
5.3518
6.0435
6.0879
5.4977
8.6951
7.0741
4.7533
6.6367
6.8319
10.544
18.878
23.506
27.723
48.902
5.025
9.0949
9.9456
12.798
10.97
9.8627
3.0448
3.4439
3.3483
3.9972
5.5207
4.5795
3.0175
4.2182
4.3135
5.5178
6.4549
6.8126
6.039
7.2563
9.5653
11.707
11.652
28.97
6.6542
9.1054
5.5023
27.578
40.182
55.383
9.6898
10.878
13.407
16.474
12.912
14.372
4.3626
3.1887
3.8827
4.0518
5.678
3.6431
4.7155
4.046
4.7162
6.2309
5.0713
7.2703
6.4867
7.5045
10.272
10.049
7.6831
58.332
20.625
3.6849
7.733
8.1107
47.2
50.256
13.267
13.012
18.057
17.341
15.338
18.978
3.5129
3.8328
4.4185
5.6466
6.0793
5.5327
3.5154
4.0564
4.256
4.0715
4.2711
6.3024
5.7241
6.2298
5.9382
6.2662
19.4
62.428
18.589
4.0049
6.5605
9.4038
44.99
47.104
11.972
14.056
18.609
21.249
25.053
31.565
3.3255
4.4422
5.8348
7.2304
9.4618
9.3938
8.4971
9.1946
8.8641
9.4883
8.6551
9.7084
9.1767
9.6067
10.464
25.472
61.549
64.812
12.815
4.1082
6.9936
14.203
47.04
51.331
18.015
17.292
18.048
23.93
27.749
29.201
6.1512
7.655
9.4157
10.643
9.736
10.101
10.381
9.3036
9.2452
9.1183
9.7212
9.1626
9.9575
11.368
11.719
56.252
58.88
63.048
1.3373
5.3942
6.9355
15.3
46.468
48.128
16.893
20.62
21.205
25.64
26.272
25.914
11.931
10.715
11.129
9.7265
10.826
12.704
11.89
13.29
11.694
11.624
13.796
12.73
10.672
10.901
10.826
55.353
61.657
62.654
3.1151
8.0262
7.0854
15.597
46.696
45.884
20.01
19.169
20.637
24.82
25.666
24.766
1.402
1.5646
1.778
1.9084
1.842
1.5579
1.2813
1.3044
1.5514
1.4506
1.8073
1.2206
1.1751
1.3276
1.2266
1.4257
1.431
1.9094
2.0754
2.0727
2.6592
3.2262
4.0752
4.1339
4.0491
6.1546
6.5779
6.4875
7.9098
11.589
1.7869
2.2221
2.442
2.612
1.8628
2.4471
1.5643
2.0041
1.9712
2.0142
2.044
1.6837
1.8208
1.6581
1.6287
2.1467
3.5251
2.1438
2.9091
3.3775
3.6889
3.7467
4.2703
5.2696
6.5065
7.6225
8.9115
11.553
13.218
13.696
2.4328
1.8445
2.1324
2.3707
1.6914
2.1746
1.6692
1.8992
2.6338
1.9247
1.7353
1.5556
1.767
1.9575
2.2869
6.5801
4.9839
2.1315
3.192
3.1049
3.69
4.6621
5.3596
5.6318
6.985
7.3691
9.1126
12.212
15.254
14.953
2.0439
1.9821
2.0162
2.0618
2.0948
1.8206
1.9726
1.9552
2.3787
2.2319
2.1227
2.0557
1.9471
1.9238
5.4691
5.6618
3.9742
2.1748
2.5552
3.8385
4.3721
4.2863
4.876
6.7652
6.665
8.4422
8.7225
13.075
16.147
16.256
2.035
2.303
2.741
2.4413
2.3539
2.1474
2.1146
2.3712
2.1441
2.5319
2.2951
2.3731
2.6128
2.7594
10.939
8.5775
3.8276
1.1101
3.0318
7.5456
4.6754
4.581
5.3816
6.4889
7.9273
8.7063
13.007
12.988
14.315
16.017
2.0272
2.401
2.3166
2.1082
2.4711
2.4252
2.6277
2.4022
2.439
2.3958
2.7516
2.7477
2.9809
3.6365
10.398
0.42963
1.2248
0.66332
2.0494
9.9307
4.956
5.2532
6.7617
6.4384
9.0613
9.6212
12.948
12.661
15.278
14.685
2.8363
2.4224
2.2055
2.5351
2.2785
2.212
2.3702
2.8921
2.7107
2.9922
3.2577
3.204
3.3285
3.6273
7.5677
2.329
2.1043
3.7411
3.3049
5.9944
5.6373
5.2396
6.2456
7.433
9.3986
9.5062
11.575
13.95
15.115
17.079
2.3801
2.5721
2.5828
2.344
3.3164
3.5082
2.8674
2.6327
2.9671
3.5365
2.9991
3.9404
3.9981
3.6823
5.115
8.8682
1.2844
2.9434
4.258
6.1243
5.3984
6.0443
6.0816
6.9434
8.7859
10.202
14.326
15.768
17.666
19.139
2.5362
2.7725
3.6951
3.1541
3.2762
3.1593
3.4568
3.3856
3.3331
3.9873
3.7432
4.3857
4.5389
5.4669
7.9934
1.7318
3.2611
6.3804
7.0002
7.1999
6.5651
7.2786
7.4056
7.6146
10.331
11.343
16.068
15.783
18.409
19.117
2.6826
3.1545
3.7278
3.5909
3.0998
3.8017
3.8964
3.5442
4.3882
3.9983
4.8231
4.8025
9.2148
8.4117
3.1741
3.4646
6.2136
5.4051
3.6282
5.43
6.6375
7.1378
7.9564
9.7488
11.179
14.204
17.568
15.743
18.351
20.11
3.3965
3.4781
3.9106
4.2611
4.4703
3.6756
3.9379
3.8753
4.0977
5.1279
5.3342
6.5817
5.7855
1.3312
2.3165
1.9857
6.612
4.8666
1.8241
4.086
7.3397
7.9359
8.8296
10.376
12.42
16.434
18.06
19.326
22.972
21.81
3.489
4.9781
4.3823
6.6618
4.7213
4.3823
4.1418
4.6765
4.6469
5.168
5.7932
6.7695
1.3724
1.5922
2.2401
1.8559
5.4968
7.6304
3.1501
6.2816
5.2873
9.8426
11.456
12.222
13.263
16.35
17.981
20.329
22.837
22.646
4.4752
4.4672
4.8838
5.8614
5.2559
4.6731
4.6322
4.8992
5.4733
6.1863
6.7488
5.5162
1.4034
1.9001
1.2993
2.0948
2.7904
6.8563
3.3412
3.6245
7.8041
7.5028
11.821
12.812
14.473
15.071
18.43
21.626
22.133
23.161
3.7113
5.6459
4.2117
4.6329
5.8711
4.4602
4.8599
6.3619
5.5786
6.4582
6.6828
5.822
1.1462
1.0636
1.4258
1.6555
5.5399
3.1827
1.2116
4.7684
8.6839
4.6726
11.352
13.321
15.222
17.763
19.592
22.336
23.31
24.76
3.2903
4.4356
3.2824
3.9618
3.9735
4.6212
3.4654
5.6609
5.9007
4.3707
5.2438
4.718
2.3828
3.018
2.1966
1.769
3.1483
2.2004
3.4449
2.7523
6.1925
4.0778
9.7486
13.033
14.981
19.941
20.752
20.44
26.082
24.59
4.3296
4.2012
3.7466
3.3788
2.9237
3.4093
4.5745
4.8351
5.8722
5.3374
4.284
5.8277
3.5859
3.4617
1.4575
1.2723
2.8023
3.4136
2.679
2.3186
6.8805
2.5974
6.7311
8.194
4.2465
10.01
12.836
10.844
16.37
18.217
1.701
1.7631
1.1393
1.3616
1.6128
1.9243
2.766
1.7049
2.0827
2.2325
2.612
3.9018
4.7516
2.3783
3.6644
4.332
3.9399
5.2231
9.7973
6.8835
6.9675
9.4185
12.553
12.048
11.874
11.155
14.214
15.667
14.085
14.279
1.7588
1.7571
1.9653
2.5603
2.1656
1.7683
2.2161
2.4633
2.4443
3.7808
2.9694
4.9591
5.0806
4.8382
5.0771
4.1067
5.466
5.4466
10.205
9.0133
10.18
9.4522
10.649
12.382
15.54
14.616
16.251
20.946
16.454
18.136
2.1398
1.8992
1.2899
2.9904
1.9937
1.6456
1.7137
2.1986
2.1427
3.4321
2.714
3.2399
3.9194
3.0635
3.852
5.0432
4.6372
6.8598
11.545
23.603
10.555
10.371
10.411
11.49
12.77
12.605
15.163
17.611
17.397
18.305
2.2376
1.7088
2.1419
2.9181
3.1747
1.741
2.4159
2.4721
2.8177
2.1517
3.6041
4.8204
4.9418
3.7451
6.9805
4.5333
5.6273
10.264
8.2485
12.861
12.401
10.651
9.0542
11.254
12.869
14.593
16.506
15.332
15.284
17.521
1.7045
2.7031
1.8941
2.136
2.5134
1.9705
2.4331
2.027
2.5051
2.8093
2.4783
3.0819
5.4273
8.6589
8.3867
4.1241
10.257
8.3936
6.3395
7.723
7.9234
10.494
9.8481
13.898
12.457
14.762
14.388
18.375
17.955
18.67
1.7994
1.8132
2.182
2.3337
1.7237
2.5936
2.0352
2.1389
2.4243
3.3488
2.8768
4.6623
6.9487
8.3051
11.212
6.6238
19.272
0.93196
2.1073
1.537
5.456
15.804
9.2346
11.468
11.533
13.084
15.503
14.864
20.439
23.695
3.4287
1.8154
1.5698
2.569
2.0337
2.4165
2.2981
2.5001
2.0523
2.9656
3.3379
4.3136
5.7265
9.639
11.043
5.3042
4.006
7.3926
7.9883
6.874
4.9769
27.863
9.6602
11.641
10.782
14.108
14.407
16.544
19.935
20.467
1.5999
2.7836
1.863
2.2275
2.8338
1.8259
2.9817
3.0904
2.4339
3.1901
2.8623
4.7604
5.5682
8.5052
9.5466
5.0154
12.91
14.039
4.9136
4.9883
6.1228
19.045
9.6495
8.8294
10.376
13.723
14.436
15.266
19.678
19.066
2.6028
1.7627
2.1067
5.0139
2.6031
3.3749
2.2994
2.4865
2.6178
3.441
3.6059
4.6757
4.7113
11.189
13.189
5.7015
22.045
7.6993
3.1392
4.4117
22.219
13.645
11.388
10.579
10.502
12.147
13.971
14.643
14.564
20.208
2.1241
2.0583
1.9943
2.0193
2.7571
3.6587
2.0369
2.5071
2.9201
3.2602
3.8098
4.1516
3.9894
9.2681
7.6965
14.911
10.045
5.6947
3.8291
10.743
13.652
9.4981
10.083
10.033
12.075
12.824
17.187
14.533
19.237
16.629
2.2016
1.8625
2.7996
2.7939
3.3905
3.7347
2.3474
2.5913
4.143
3.1542
3.1842
4.0448
4.0768
10.064
11.148
4.555
4.2746
3.2261
5.9877
5.6077
5.8839
14.222
9.8497
10.974
14.904
15.231
12.013
16.442
16.622
17.135
1.9992
2.3895
2.5371
3.9397
3.1895
5.6584
3.2651
4.0202
3.0649
2.9369
3.7715
3.6321
5.4919
5.1927
5.2307
5.6126
5.0634
7.5007
4.0994
2.7363
2.5578
4.8505
8.9934
11.221
14.237
16.626
16.492
22.722
17.097
18.523
2.0603
2.901
3.7588
3.3917
2.6239
3.1987
3.4572
2.8691
3.6404
3.8143
4.6642
4.2615
4.2347
4.7799
3.3797
3.8432
3.5961
4.9485
6.6842
4.2393
2.7038
2.952
6.1649
13.291
15.358
14.375
13.049
19.283
16.601
18.582
2.5056
3.5111
3.5568
3.4754
3.6932
3.1626
3.8602
3.7953
3.4348
3.5905
3.6585
4.7414
6.5168
3.6453
2.0466
2.2826
1.3139
3.6311
6.818
3.658
3.3184
2.9518
1.7844
12.881
14.029
15.077
13.801
16.165
16.362
19.053
3.3795
3.3298
4.131
4.0646
3.5911
5.7134
2.6866
3.8282
3.828
4.8581
4.8061
3.8282
3.2699
3.5523
4.7582
3.6629
4.5933
7.8109
5.8096
3.1283
4.5286
3.3111
0.86998
10.949
13.224
13.882
15.427
16.119
14.418
20.912
2.5932
3.3175
3.7534
3.1588
2.9237
4.3247
3.6022
4.4088
3.385
3.9947
2.8679
4.2302
3.0929
11.901
7.1595
3.2574
3.4001
5.3341
8.0998
3.0069
20.725
18.395
1.775
8.2446
15.738
14.983
16.54
16.742
13.195
16.811
