0
0
0
0
0
0
0
0
0
0
0
0
0
0
0
0
0
0
0
0
0
0
0
0
0
0
0
0
0
0
0
0
0
0
0.03825
0.031239
0
0.022094
0
0
0
0
0
0
0
0
0.062385
0
0
0
0
0
0
0
0
0
0
0
0
0
20.712
16.099
12.213
12.438
29.44
19.565
24.887
22.162
25.004
26.697
24.705
16.643
15.248
18.793
19.446
10.006
14.547
22.656
17.612
13.054
20.354
16.889
24.205
33.037
35.501
32.1
41.756
26.668
24.663
28.746
21.321
15.749
28.339
24.725
26.395
18.381
17.778
15.717
7.3332
18.387
19.341
18.588
12.581
12.719
11.821
10.444
21.243
20.934
26.776
23.899
19.013
22.339
20.313
24.438
20.97
28.813
35.123
37.765
34.349
38.267
24.623
22.938
28.276
38.012
27.498
20.467
9.8251
7.2886
7.3555
13.352
14.865
14.509
17.904
19.901
16.438
18.687
22.645
24.25
19.918
11.122
15.184
23.819
25.605
18.679
16.834
20.777
24.352
34.107
30.165
35.136
35.907
36.837
32.924
27.284
21.936
15.882
11.699
11.242
9.6539
10.573
13.408
10.528
15.005
12.658
15.082
22.171
20.737
16.192
17.404
15.635
15.38
11.225
11.781
18.853
11.464
19.062
12.981
14.82
16.986
23.899
36.469
29.727
17.826
18.055
11.807
8.6388
7.892
13.069
9.4896
9.9988
13.744
23.351
23.537
9.8096
13.947
17.031
25.898
14.984
18.731
15.38
10.216
23.454
11.221
15.742
11.447
12.824
8.2775
7.8237
11.779
18.78
26.244
18.653
10.293
7.4048
19.549
24.204
7.4298
20.965
15.017
10.29
13.37
12.552
13.155
10.919
11.89
6.6955
15.374
7.6376
10.87
17.86
38.955
33.087
37.61
12.893
12.781
11.615
10.464
7.4989
22.943
14.321
13.922
13.162
9.2035
7.6514
4.3693
6.8441
9.2182
11.985
10.873
15.883
21.985
17.998
20.472
16.095
20.576
10.701
16.824
31.045
18.376
18.721
44.218
23.793
26.504
11.493
12.909
7.112
13.038
12.783
14.682
7.1743
9.9142
7.3734
17.102
9.0984
8.5101
18.912
16.337
16.308
16.728
22.162
23.083
19.428
31.632
19.57
19.078
23.556
31.992
19.837
20.647
19.516
16.346
29.856
19.501
14.149
18.835
30.099
15.951
24.357
14.349
7.6248
8.4692
9.3399
15.294
13.324
40.507
19.989
29.519
21.705
19.182
9.0428
25.386
16.842
22.593
12.607
15.551
13.903
20.199
14.314
14.008
12.831
8.2386
18.955
15.619
18.316
31.01
19.543
14.636
33.381
39.777
15.307
14.425
17.985
34.38
19.519
28.837
22.302
16.063
22.005
19.364
16.298
10.894
8.6617
7.6112
7.4916
10.946
7.0757
7.1106
20.148
22.509
8.4517
6.4424
6.6556
9.6978
5.2553
11.232
29.961
20.05
49.324
33.583
18.487
33.201
21.903
20.292
19.579
37.196
12.603
12.898
13.913
15.356
14.386
12.803
12.562
12.962
13.884
15.979
13.685
11.489
19.451
35.658
31.301
13.917
13.154
8.8391
7.9882
9.8142
8.5775
8.6636
16.913
16.326
47.255
4.3511
5.4362
28.374
11.054
6.1218
4.9465
3.6849
8.8092
9.8246
12.66
12.237
15.642
15.824
18.245
19.367
14.258
9.7422
5.9238
4.3905
8.1032
17.881
25.987
7.2817
8.4623
1.0734
6.5843
8.3316
5.601
5.6628
7.0752
1.6624
4.1804
21.439
17.988
17.965
15.315
8.9064
12.341
11.037
18.3
19.685
14.715
21.927
24.079
28.944
23.411
17.679
9.6286
7.2515
6.8299
7.9317
8.1557
7.8735
13.194
3.278
14.939
14.882
14.819
18.57
20.168
0
0
0
0
0
0
0
0
0
0
0
0
0
0
0
0
0
0
0
0
0
0
0
0
0
0
0
0
0
0
0
0
0
0
0
0
0
0
0
0
0
0
0
0
0
0
0
0
0
0
0
0
0
0
0
0
0
0
0
0
0
0
0
0
0.058371
0.088053
0
0.062385
0
0
0.088053
0.12403
0
0
0.054054
0.088053
0.044156
0
0.088053
0
0
0.088053
0
0
0
0
0.088053
0.088053
0.088053
0.088053
31.102
11.851
20.872
21.167
29.133
45.78
27.171
15.496
15.59
27.577
17.387
20.645
18.697
15.105
17.59
25.841
39.494
11.974
15.687
7.5106
34.039
21.962
8.0673
14.345
5.9052
10.593
15.133
36.836
22.648
30.684
17.861
20.664
48.779
18.349
35.76
23.448
50.463
24.687
25.638
17.193
26.339
14.805
17.055
17.505
12.674
15.911
18.758
13.326
8.328
5.9947
26.916
18.871
17.084
10.583
27.237
18.826
12.635
40.912
54.494
28.031
30.199
47.183
48.907
39.112
25.418
32.933
21.87
31.039
21.493
32.704
16.284
14.805
12.31
16.104
20.179
11.576
17.467
7.757
9.1548
14.622
24.033
14.721
11.723
30.287
32.718
28.19
23.332
43.466
42.31
37.477
21.627
19.129
21.143
43.192
31.825
34.514
24.652
22.837
19.693
22.111
23.198
10.808
18.991
16.604
13.884
14.756
17.894
17.293
12.102
17.706
15.133
13.391
12.065
37.634
23.484
28.387
11.184
34.772
43.551
24.422
47.139
25.601
24.52
41.973
37.806
37.381
23.701
19.405
22.731
20.03
23.957
12.366
9.5902
11.782
11.527
13.047
9.9736
7.6599
10.42
20.784
19.347
27.834
16.194
17.341
13.728
16.41
34.683
37.904
35.802
13.77
45.545
14.4
30.497
41.815
42.902
26.545
19.377
24.582
20.874
15.545
13.159
13.981
14.283
14.975
12.843
10.241
9.5221
10.161
8.3217
6.4569
11.67
39.796
18.1
23.67
11.06
37.977
39.086
10.722
12.806
34.783
7.5472
9.0852
11.154
8.568
12.566
9.3275
7.9382
11.538
11.191
11.385
7.3424
13.427
10.976
13.483
13.556
6.1173
8.9848
9.9571
8.0554
4.6803
11.698
7.5165
7.957
7.4596
9.4091
5.2536
7.4914
9.2471
14.364
22.386
12.038
7.0528
7.4014
10.23
12.784
8.9564
12.396
12.314
11.346
12.646
7.7271
9.8588
4.312
13.332
3.9984
15.281
12.531
10.245
6.4179
11.999
3.6865
9.7447
6.756
9.7103
10.164
11.411
16.393
15.282
18.742
16.115
2.8686
7.5527
7.2984
5.7679
8.7415
17.607
9.8735
13.7
10.771
8.8277
5.9457
8.6248
14.387
8.9933
9.6662
12.137
9.2707
5.82
8.3539
9.4414
3.2647
1.9227
3.2793
5.4749
6.4143
9.8922
9.6495
10.912
16.401
13.694
13.541
14.258
6.334
11.125
18.406
13.842
11.749
6.1675
25.844
2.5345
4.938
7.8674
6.8616
11.045
14.925
20.864
19.926
13.836
15.315
4.4884
13.482
2.4766
4.7947
3.5042
6.9819
14.028
8.4621
7.9061
11.576
11.111
16.635
17.398
14.668
8.7277
18.421
22.594
15.343
17.173
25.896
11.97
31.537
26.075
22.181
22.026
22.347
20.072
25.714
32.954
19.034
16.385
16.22
14.545
32.623
14.644
17.826
24.441
11.82
7.5973
8.6673
11.637
20.176
19.134
23.047
25.379
17.54
41.428
36.532
18.68
14.402
9.844
22.895
25.023
10.077
8.0105
12.595
5.7494
27.688
31.596
12.183
6.2427
9.5947
8.6805
30.02
8.2287
23.404
5.7776
3.628
5.743
1.3294
9.4954
8.6006
4.016
7.2189
6.3098
24.529
38.436
19.613
22.796
18.951
6.8162
33.081
29.176
14.309
11.862
12.2
5.9055
11.744
2.6184
2.6139
3.4109
14.352
14.271
7.7482
5.9736
2.1099
2.5047
2.1691
5.178
2.1371
11.112
0
0
0
0
0
0
0
0
0
0
0
0
0
0
0
0
0
0
0
0
0
0
0
0
0
0
0
0
0
0
0
0
0
0
0
0
0
0
0
0
0
0
0
0
0
0
0
0
0
0
0
0
0
0
0
0
0
0
0
0
0
0
0
0.088053
0.060412
0.060412
0.085278
0.060412
0
0.088053
0
0
0
0
0.088053
0.088053
0
0
0.054054
0.088053
0.082407
0.088053
0.067958
0
0.088053
0
0.054054
0.088053
0.088053
0.088053
24.876
50.49
7.7116
37.006
18.548
20.853
11.805
32.666
17.867
13.982
8.7861
13.539
7.9538
11.136
17.237
13.856
22.671
9.3502
10.599
14.763
15.344
26.998
21.26
6.9156
13.251
9.3888
21.927
39.597
22.285
42.424
31.399
36.946
19.676
29.379
24.35
37.306
35.644
15.611
27.89
22.081
16.991
12.999
14.998
12.302
12.494
20.709
22.226
14.554
11.257
27.244
24.813
31.164
16.437
23.498
15.483
11.708
26.163
26.753
48.462
19.885
29.082
26.743
37.032
20.756
21.361
21.707
24.974
19.464
30.205
18.948
17.043
12.551
10.992
15.654
14.587
12.977
12.929
9.6967
6.8988
15.52
26.329
12.016
16.315
20.777
40.51
16.566
21.124
34.579
48.26
33.394
22.557
35.655
39.019
32.305
32.174
39.268
27.544
23.133
23.393
26.681
19.632
16.521
14.699
15.374
20.435
12.271
18.882
12.436
15.496
20.053
20.513
14.935
28.724
37.676
12.728
33.424
41.637
39.095
12.595
44.449
21.415
32.298
19.465
42.085
32.29
30.593
24.385
38.149
19.77
21.365
22.148
21.12
12.14
16.844
11.204
8.1954
13.344
10.172
13.563
15.849
25.658
15.751
16.223
24.898
33.936
32.293
29.881
15.994
37.846
25.917
11.458
41.33
44.717
40.058
36.412
30.123
29.389
21.187
14.869
13.564
15.712
16.933
17.645
15.972
18.225
12.095
17.448
14.073
13.443
16.824
16.615
12.587
19.123
27.104
42.669
13.583
14.777
36.47
31.25
18.843
16.397
23.851
11.595
12.291
25.068
9.5929
18.029
12.281
6.5053
12.439
13.805
15.322
3.9088
10.641
8.6069
11.267
11.621
7.9001
12.136
15.639
11.324
8.6447
11.575
6.8536
11.927
4.972
8.3102
10.489
17.592
20.864
11.724
13.549
7.5062
6.8693
11.485
7.5999
12.636
9.8082
6.6211
8.406
20.727
10.461
9.7095
11.609
14.09
11.108
12.796
14.04
12.665
16.609
4.9881
7.5455
6.3705
15.173
11.187
11.555
16.633
19.556
23.642
19.79
3.9749
5.905
6.4472
8.4483
8.5201
5.5696
12.252
10.584
20.185
10.791
14.754
9.0431
5.5389
8.843
16.408
27.688
11.073
13.504
12.149
15.481
5.7664
7.5792
9.1696
7.3765
9.4362
8.5707
11.828
13.645
20.775
20.601
7.0122
6.1236
5.5629
10.064
6.016
7.4337
5.6438
22.166
15.546
13.161
19.485
17.357
18.478
28.74
31.149
25.789
12.387
14.915
19.944
19.485
19.017
7.1799
12.43
7.1777
21.1
10.527
17.343
20.002
16.857
14.76
30.711
5.9974
4.5182
14.925
4.3256
31.8
17.306
14.794
28.83
13.406
28.045
36.343
25.2
16.933
27.556
14.482
19.088
14.571
9.6376
15.67
9.2907
11.447
27.281
35.299
11.786
9.8951
9.5398
15.061
16.181
16.885
20.383
19.309
23.037
25.486
28.446
41.039
46.111
24.159
22.148
21.535
29.183
24.804
18.014
10.327
8.4989
23.43
12.233
15.087
14.894
13.436
20.133
19.37
18.921
15.625
16.422
22.958
16.807
8.5975
7.2484
17.784
46.675
32.5
9.8275
14.424
39.024
46.477
42.479
32.41
27.245
26.915
47.309
43.783
30.94
28.611
22.39
22.577
11.849
14.258
19.671
18.791
20.019
19.473
20.173
12.435
8.8567
6.2728
12.296
19.498
19.85
21.642
0
0
0
0
0
0
0
0
0
0
0
0
0
0
0
0
0
0
0
0
0
0
0
0
0
0
0
0
0
0
0
0
0
0
0
0
0
0
0
0
0
0
0
0
0
0
0
0
0
0
0
0
0
0
0
0
0
0
0
0
0
0
0
0
0
0
0
0.03825
0
0
0
0.088053
0
0
0
0.051759
0.03825
0.044156
0.14976
0.054054
0
0.054054
0
0
0.054054
0
0
0
0
0.088053
9.9068
50.149
22.909
26.398
29.69
52.089
41.7
33.578
13.858
7.0518
21.068
21.161
20.956
19.61
14.096
20.971
26.625
15.397
15.198
9.7847
8.4596
26.909
20.095
8.5215
6.7893
16.294
31.349
52.633
31.84
31.507
20.675
13.201
49.246
38.518
34.414
30.819
19.246
18.368
20.856
32.131
15.167
18.391
13.034
12.507
28.603
16.203
14.653
10.417
14.499
27.137
18.889
28.395
18.985
20.125
16.011
12.275
27.477
17.712
43.404
35.541
17.775
22.115
19.719
22.893
31.466
22.11
32.433
17.304
32.832
25.773
18.009
11.246
10.783
11.021
22.159
23.351
15.596
12.641
8.1056
10.967
14.913
15.866
18.432
21.422
24.677
32.677
12.921
15.601
52.434
20.197
24.636
55.275
19.532
29.963
29.209
43.771
42.097
27.744
26.667
25.827
19.14
13.967
13.084
17.452
22.307
15.769
14.09
21.095
12.003
18.319
19.487
13.419
22.533
40.012
27.138
17.21
39.207
13.16
38.064
38.252
11.167
14.751
32.171
36.52
33.048
19.644
30.864
27.583
25.528
14.769
14.6
17.062
17.425
11.391
11.541
8.7288
12.616
8.1394
7.9696
16.339
17.042
22.258
28.537
19.166
34.737
23.305
36.815
29.761
37.381
34.517
10.379
38.475
10.656
14.725
19.388
23.371
48.153
26.186
17.2
11.888
22.741
21.026
15.404
19.756
18.591
13.17
19.753
11.971
8.5701
8.6109
6.938
27.285
36.138
29.284
37.307
37.08
11.717
11.526
14.899
11.773
10.012
9.9467
9.3057
13.276
10.68
20.803
43.206
21.052
15.308
12.836
18.79
13.962
15.262
12.028
15.392
14.725
11.499
14.644
13.149
9.3984
15.458
9.0169
12.108
9.9205
10.475
6.67
8.2235
9.7976
13.344
16.715
10.66
10.8
11.702
13.267
14.833
8.1658
5.6331
8.2196
10.422
7.7149
18.343
14.809
7.8555
4.6991
6.4887
8.3115
12.644
4.3506
11.598
5.6868
3.8187
7.6931
7.8618
9.2531
9.7746
14.912
18.485
17.693
15.682
18.531
2.7209
5.1515
8.2869
13.307
7.0737
12.393
8.1088
5.8207
13.107
9.0386
17.336
11.695
13.474
16.681
10.589
20.566
14.295
10.183
7.2811
11.493
3.0515
6.9279
3.273
6.147
9.4383
9.9352
10.58
11.476
15.856
14.489
7.8747
16.321
7.1376
5.1741
23.134
11.111
13.612
8.292
6.4983
11.578
23.388
22.756
21.783
23.297
29.984
23.649
9.3745
9.5638
9.8065
25.39
2.7231
3.1996
3.9496
2.0896
16.263
27.95
7.8901
7.997
11.341
18.825
8.5492
10.878
2.8159
4.3017
12.964
16.332
23.675
20.501
20.878
20.556
31.391
34.185
27.288
11.208
21.739
20.225
39.923
28.994
22.428
18.335
30.287
26.45
19.636
40.955
24.756
15.18
5.73
4.1011
9.0512
22.563
6.2116
5.2717
5.4298
4.8321
10.758
10.882
13.069
19.22
19.309
7.557
15.597
5.4675
3.8965
9.4091
4.511
17.546
28.504
20.406
6.2735
9.7864
16.1
7.2565
9.1033
7.8534
3.6931
15.005
5.3323
1.8292
3.7645
4.2183
8.2063
2.7016
3.0186
3.3008
4.7114
6.9686
12.571
10.593
5.891
7.8288
9.1622
14.102
13.483
11.434
11.908
8.064
13.05
4.4762
10.236
3.9574
11.15
9.2093
10.097
18.288
1.7562
1.8032
3.2927
1.7124
1.9732
3.5106
0
0
0
0
0
0
0
0
0
0
0
0
0
0
0
0
0
0
0
0
0
0
0
0
0
0
0
0
0
0
0
0
0
0
0
0
0
0
0
0
0
0
0
0
0
0
0
0
0
0
0
0
0
0
0
0
0
0
0
0
0
0
0
0
0.088053
0.085278
0.054054
0
0
0
0.058371
0
0.088053
0
0
0.062385
0.062385
0
0
0
0
0
0
0
0
0
0
0
0.088053
0.085278
23.025
32.599
30.296
21.319
71.273
39.622
14.725
19.627
27.499
19.783
29.2
36.272
26.231
31.471
27.868
19.127
9.6901
9.6556
1.7129
9.2574
3.2351
2.4999
1.4218
9.6979
9.9286
2.2118
2.2123
2.1637
4.9498
24.125
8.0392
17.169
23.413
29.952
60.95
34.571
70.825
15.883
18.702
30.754
25.176
20.903
16.714
26.344
20.382
19.851
2.7641
10.768
9.8497
7.2104
1.4445
1.2409
1.4835
1.8722
9.138
5.8963
6.8988
1.104
1.5512
2.2552
38.07
12.503
27.469
27.385
19.921
18.481
32.717
22.55
17.23
21.932
23.12
18.872
29.161
8.8194
13.34
17.08
9.1705
8.2659
6.5636
13.532
17.74
1.4902
1.9679
2.2459
13.604
1.7355
23.682
2.7166
1.5127
2.5752
28.469
38.354
11.979
22.906
16.575
26.22
20.921
19.84
26.927
21.692
29.642
22.484
14.572
19.015
21.216
19.444
18.414
42.314
5.665
17.513
20.114
1.9452
19.025
2.5659
17.519
2.0705
12.445
1.9778
3.1787
3.0308
31.157
12.107
18.756
17.604
15.143
45.557
19.368
26.901
23.014
33.173
30.757
16.131
42.851
15.42
33.453
25.232
7.3334
36.094
7.3592
26.478
6.1708
2.5478
9.3632
2.3186
2.9225
7.7884
3.3501
3.7945
2.6992
2.0327
34.272
16.392
25.538
25.311
36.061
17.838
13.319
16.417
23.849
17.144
29.164
22.796
22.057
20.23
21.908
10.449
9.1885
4.6039
2.8513
11.172
5.9114
3.2795
2.8981
15.693
38.392
10.638
12.028
4.4264
2.5166
2.2339
44.706
14.086
8.3436
35.536
25.229
14.897
23.059
28.613
16.57
34.147
34.118
22.556
28.321
17.841
29.753
15.49
5.0178
4.706
3.0321
26.889
2.071
5.1162
3.0094
37.436
23.46
1.8139
3.0548
2.8882
2.5564
3.3224
8.3849
33.551
38.427
20.193
15.692
12.521
15.398
35.073
32.345
27.264
20.781
21.968
15.732
10.321
18.921
23.144
6.1393
17.535
3.1232
1.5534
1.5939
6.3718
5.8944
15.011
14.644
15.09
14.797
21.534
19.605
3.219
10.728
31.187
41.906
30.103
17.625
8.7192
12.785
10.902
11.926
14.774
11.847
10.965
17.421
9.223
27.554
13.455
5.806
5.1932
4.2805
5.2018
23.684
19.21
11.818
22.101
17.691
22.321
26.082
23.158
20
2.6853
5.6946
33.221
27.276
15.738
17.891
16.01
32.627
17.929
19.946
7.0437
5.6162
6.0773
2.1763
8.9425
5.0559
6.692
4.9279
5.373
10.715
18.992
8.0394
16.082
26.85
45.048
51.035
47.09
40.089
23.292
23.047
2.4135
16.81
7.2846
13.365
27.717
24.334
25.201
34.991
22.078
9.2943
11.172
5.5726
8.2109
2.605
3.0043
14.547
13.563
4.3284
2.723
7.5745
16.324
8.5661
14.825
19.379
34.075
44.779
36.351
25.955
23.767
29.399
2.3507
35.503
35.662
36.235
34.538
35.045
35.278
35.863
35.369
33.561
34.578
31.461
24.263
17.761
16.967
14.205
12.28
10.34
9.5007
8.683
6.7571
7.0757
8.478
8.9908
8.8726
20.481
17.883
13.708
6.2974
10.101
5.8977
41.566
44.599
48.488
51.067
52.811
53.906
53.718
52.009
48.7
43.795
37.175
28.996
21.093
21.429
23.712
26.602
28.776
30.521
30.603
29.002
25.598
20.757
16.65
14.312
13.114
11.83
11.083
10.559
10.859
10.75
0
0
0
0
0
0
0
0
0
0
0
0
0
0
0
0
0
0
0
0
0
0
0
0
0
0
0
0
0
0
