5.107
1.102
1.6212
5.0195
5.5022
2.0718
1.6116
6.3491
6.4528
1.9801
3.6282
1.1753
1.8006
2.1066
2.0971
3.3597
2.6665
1.9005
1.1654
1.2655
1.0168
1.603
5.0218
5.4821
5.7292
5.5685
0.99648
2.799
3.9839
0.651
7.2464
1.8448
1.8849
7.8789
8.6773
2.069
1.281
5.1188
5.0767
1.8616
3.7872
1.6125
4.9778
3.2735
2.6844
3.6204
3.0454
1.8367
1.5046
1.5514
1.4553
1.8596
4.2549
5.225
6.1396
5.7945
4.687
4.579
5.9798
1.6231
7.7062
2.1349
1.7928
8.6158
9.4443
2.6888
2.3041
5.2305
5.2189
1.6878
4.376
1.505
5.6703
5.167
4.978
4.5558
4.339
2.7534
2.9181
2.0919
1.618
20.775
30.63
23.056
13.781
11.519
3.243
0.70585
6.2567
5.8192
7.4723
1.9763
1.8343
10.001
10.678
5.3419
3.3455
6.7147
5.5412
1.9996
5.1493
1.5869
7.8261
6.9393
6.0564
6.5556
6.1001
4.9094
2.9385
2.5401
3.2437
34.834
34.95
12.076
37.021
43.969
1.9643
3.035
5.855
5.2368
7.1751
2.0698
1.8238
10.138
10.38
7.5704
4.2597
9.6139
6.5943
2.9933
5.3334
2.6416
7.9668
5.6936
10.245
6.4486
6.2166
5.7746
4.8665
4.9303
8.223
20.639
24.173
18.686
34.845
45.965
2.8703
3.1021
7.2207
6.2708
12.849
1.7617
1.9517
9.4291
9.7399
7.8878
5.7266
10.201
7.4249
5.091
6.9975
2.5533
7.0414
7.4593
9.51
4.3674
11.531
9.9695
8.4853
6.9833
5.5837
43.712
46.655
8.1717
22.814
64.904
57.66
8.966
7.7926
14.221
12.954
20.921
13.955
9.5258
10.534
17.869
17.675
15.832
10.782
14.008
5.2314
4.0113
4.9018
12.43
12.502
28.23
22.842
19.513
4.9307
6.3772
67.254
68.399
30.628
7.1123
29.219
38.688
8.2812
8.0592
7.3784
12.402
37.955
35.373
14.644
6.466
10.15
17.45
17.223
17.291
8.4816
13.362
3.004
4.3166
11.473
13.296
7.5968
17.804
8.9905
10.502
4.2724
10.495
49.654
43.868
8.6459
12.643
45.12
34.588
6.8591
9.4515
4.9412
6.6192
16.1
18.951
9.4971
8.1168
5.7394
17.84
26.04
15.995
12.709
15.536
2.1132
1.5759
12.813
12.79
8.4366
12.638
10.997
14.126
1.5423
43.581
41.731
12.185
10.939
45.04
55.652
8.6491
3.6528
10.534
7.3575
5.3798
9.7291
12.356
7.8846
4.6101
5.9584
1.536
17.343
15.061
9.3938
12.967
1.2184
0.95033
1.251
11.558
9.7478
11.158
17.253
11.821
1.0662
48.127
42.706
13.857
17.633
52.335
41.361
5.118
3.7788
7.033
8.0063
25.38
5.9297
8.3232
12.394
4.8428
1.7632
1.4544
17.808
11.697
7.4182
7.9866
1.6688
4.1157
5.1224
5.2404
5.4286
5.8639
15.361
3.7159
1.281
27.953
30.866
36.896
43.877
32.794
6.5467
2.8409
2.3778
4.9066
6.5772
5.2395
6.4265
12.32
14.545
1.3758
1.2785
0.95367
13.776
10.023
1.8841
4.3966
6.8926
5.6222
2.0614
1.9008
13.456
5.8238
13.946
3.6034
1.2616
1.9331
18.778
41.035
40.549
2.759
2.9957
2.2709
1.7303
3.6088
7.1828
9.05
5.9239
14.052
13.626
1.8795
1.4491
1.583
0.82245
3.946
6.1959
6.2593
2.919
0.9936
1.192
1.3045
4.6012
4.1703
1.1292
1.2349
2.0775
6.6479
30.428
34.445
33.551
16.677
7.1651
3.5881
2.4956
3.8866
4.6946
21.741
1.1833
1.1376
1.229
1.16
1.0924
5.4884
6.9916
6.6607
4.1644
1.2443
1.0324
1.2973
1.2823
1.037
5.6149
7.769
1.7198
2.7471
1.9522
41.739
41.234
20.238
30.012
41.945
24.324
5.0835
4.5241
2.9176
4.7389
19.2
1.2165
1.1856
1.1336
4.9439
6.7932
6.8512
4.6716
1.2435
1.3275
1.4773
1.7811
1.5221
1.338
1.2513
1.1973
1.8288
1.3756
1.5146
8.7953
38.504
28.133
24.678
29.079
28.628
40.431
16.934
33.342
20.3
16.78
23.734
1.2756
3.042
6.8816
7.0286
4.1617
1.6176
1.1406
1.1254
1.611
2.4113
1.1023
1.2555
1.3445
1.3082
1.1125
1.162
1.0815
1.0484
15.143
15.723
35.91
32.129
30.948
28.1
29.487
27.121
15.125
18.34
32.309
33.804
8.835
3.1661
3.2988
8.4533
10.481
5.7855
5.64
6.1604
1.9042
2.3967
3.3664
4.2293
5.6181
3.8996
2.694
1.7668
1.5454
2.1929
6.5869
10.149
8.147
9.1171
1.614
7.536
8.543
1.0659
2.884
4.8491
5.3896
2.5595
14.433
4.1616
3.2575
8.0737
8.9109
2.8773
5.2269
21.735
63.244
55.549
49.67
54.939
26.002
8.8434
2.8852
2.2266
1.7943
2.5803
7.4474
8.1312
10.267
11.52
7.2464
10.602
13.916
2.6212
3.0028
4.2429
5.2288
5.1695
15.077
4.7444
4.4341
8.0617
9.5765
2.3464
6.849
60.126
62.348
42.907
56.61
43.141
10.591
11.194
5.4346
3.6284
2.1803
3.8906
4.0077
3.5805
7.1186
11.131
6.5376
3.5423
11.584
10.694
13.192
17.294
4.2953
3.0511
16.509
7.6092
6.7311
9.9042
11.817
2.319
8.3798
36.826
40.796
31.457
35.181
32.733
17.955
18.791
14.042
5.2
2.5038
2.065
9.1284
11.732
14.699
10.887
5.2134
5.8514
9.766
8.7682
13.189
12.898
3.9757
3.585
16.727
12.094
16.297
16.294
16.24
4.5085
9.2995
24.193
21.473
17.512
24.141
20.655
17.5
23.059
10.332
7.9258
15.091
14.506
9.008
12.073
8.4762
4.9416
3.3042
6.5455
14.194
14.824
2.7614
6.6481
7.128
4.1363
15.558
11.708
13.898
10.489
14.057
21.983
78.841
82.987
77.438
75.12
56.935
56.55
69.77
69.181
67.325
22.429
18.158
16.64
16.336
18.332
16.067
19.773
17.478
14.924
12.296
15.138
16.098
24.164
24.08
17.2
34.633
16.29
12.592
16.117
19.943
73.074
78.522
79.732
77.423
24.905
26.979
40.112
39.522
36.787
33.302
18.508
22.94
20.889
17.382
16.891
19.313
17.792
17.396
12.21
12.234
16.745
15.556
24.435
31.718
9.9219
21.735
24.747
22.534
16.302
64.415
48.832
57.421
64.418
43.754
28.354
35.303
34.786
35.38
34.232
8.303
8.7392
18.738
15.847
19.943
11.878
17.047
18.192
2.2128
4.7475
4.482
12.581
22.915
17.758
25.366
12.835
32.363
14.047
20.628
41.669
67.855
62.302
43.02
48.8
10.725
46.822
59.871
60.288
62.061
31.913
9.6665
7.9797
18.424
17.545
28.188
26.305
1.4258
3.6907
4.2404
2.6831
8.8843
13.75
18.254
37.156
31.986
11.312
29.185
31.06
17.125
62.343
50.409
38.086
32.28
32.217
17.208
63.307
63.861
62.729
58.967
11.174
14.026
12.233
7.0946
12.009
22.349
13.959
1.1862
1.4494
2.0601
2.1496
6.2298
11.916
4.9955
5.512
2.6959
10.697
27.053
30.065
21.471
20.378
33.168
27.767
30.114
32.329
57.232
58.491
56.738
55.982
4.3973
10.326
9.8906
23.469
24.339
22.359
20.371
18.256
1.0046
1.2626
2.2155
2.0241
1.4948
1.2852
2.1374
4.0171
5.2197
22.856
22.252
18.311
8.6319
2.6147
17.372
34.619
40.576
44.426
47.013
32.999
31.675
6.8848
3.5942
2.9549
9.9415
16.074
20.324
35.387
28.364
11.732
0.93889
0.8951
1.2646
2.4097
2.2379
1.3108
1.9432
6.5327
6.1177
12.875
2.2761
1.4956
1.2969
7.4591
10.995
31.382
20.71
35.06
40.154
36.344
39.298
2.5865
3.3471
3.4059
5.2018
9.966
30.159
19.836
15.643
13.398
1.6343
2.0546
1.7098
2.7661
2.8386
1.4571
1.2796
11.138
20.569
15.266
1.4305
10.197
14.476
15.697
12.894
10.764
9.4633
31.501
37.419
35.844
41.309
3.876
5.1095
6.2348
6.9029
35.216
42.462
18.925
23.857
26.868
1.4771
1.5464
1.8904
3.1261
3.2802
1.4145
1.5185
1.4505
13.818
22.434
14.129
15.061
13.211
4.2094
6.3404
15.783
17.483
27.153
31.678
28.535
27.301
8.8989
9.934
13.236
13.953
21.172
27.213
30.969
23.284
29.902
3.5179
2.1908
1.7487
1.8578
2.4824
1.5363
1.86
1.6871
1.2461
13.548
13.514
4.858
2.766
14.215
26.446
25.897
25.128
39.746
48.982
50.694
22.457
15.027
15.341
15.736
15.15
13.947
22.495
41.931
22.88
23.602
7.5772
2.7043
3.2643
6.2112
6.6198
3.9862
3.0323
3.044
2.1971
2.9432
3.1587
2.1902
10.849
11.878
4.9658
2.5671
11.225
11.476
2.7723
11.397
4.0045
6.4555
6.2612
6.0781
6.483
5.8497
4.4771
4.0776
1.4046
1.3186
60.059
38.381
48.972
32.972
39.106
55.379
25.406
44.866
43.807
32.341
3.1001
3.8941
19.882
18.732
7.2274
7.1867
19.73
18.924
3.6221
16.109
6.6883
8.9969
8.6243
12.141
14.378
7.5524
7.2882
6.1026
1.7589
5.3588
1.1924
9.9118
26.582
40.768
60.964
53.9
39.024
53.753
65.72
50.953
3.8323
3.8268
18.978
17.25
14.931
14.921
20.621
16.847
5.0368
17.404
7.3518
9.7688
9.27
12.227
14.841
8.4185
10.095
8.4926
6.3053
13.118
5.9291
8.891
4.1532
7.8844
47.433
40.012
16.843
38.656
46.341
37.378
21.911
7.1506
16.808
15.886
11.427
15.246
16.13
13.562
10.767
16.482
10.36
11.38
13.82
14.986
13.51
21.794
34.691
35.15
16.719
23.073
22.357
19.987
29.815
33.066
30.013
34.141
27.445
42.385
40.97
33.807
14.774
11.352
16.813
15.652
10.554
17.895
14.094
16.563
18.317
5.9365
6.9362
18.96
17.098
20.57
11.056
31.196
31.621
22.927
14.258
29.69
29.37
23.32
38.604
32.79
25.544
13.904
21.933
30.283
33.496
22.329
7.6872
19.25
18.373
17.682
19.104
19.187
21.58
23.707
20.813
4.1234
6.5493
15.592
21.932
24.757
18.125
25.908
24.348
19.24
16.344
26.016
19.796
8.0361
22.597
28.871
4.5146
5.3285
10.423
24.786
26.101
46.744
14.843
23.726
22.094
8.0616
8.8296
28.874
16.174
10.899
8.7469
6.8426
12.14
12.339
16.597
16.069
28.185
34.821
21.206
15.118
27.21
36.24
27.315
27.822
15.619
8.1681
16.798
12.286
19.627
19.316
14.406
30.843
9.7742
6.5216
7.6373
4.0569
3.1599
13.685
19.93
3.0343
10.243
9.7629
15.645
18.277
15.072
12.129
31.592
36.817
24.433
11.659
13.81
19.766
23.897
14.586
15.257
17.52
14.529
20.125
16.128
17.435
22.811
20.678
11.39
4.9232
3.1381
2.7312
2.3986
17.157
13.215
3.2369
12.89
12.995
18.421
28.087
17.285
18.508
18.087
24.936
20.979
18.159
13.002
30.189
24.674
9.4847
8.1447
9.1079
14.408
11.765
18.793
14.741
18.955
36.457
14.821
5.0129
2.2824
2.5524
3.0063
13.199
17.251
3.0399
16.114
17.329
28.243
34.417
14.856
2.9238
21.134
16.157
18.306
18.398
9.1431
27.839
19.801
5.7125
2.6746
13.031
10.742
9.7812
12.287
6.5427
16.536
25.26
20.041
2.4004
2.6272
2.3619
3.336
3.4459
5.1388
8.8205
10.903
8.9502
9.3584
10.134
3.1024
1.393
14.216
24.513
26.921
23.217
13.83
26.099
12.731
15.71
10.47
12.978
12.588
6.614
11.307
11.787
17.27
17.566
30.571
0.94376
1.0195
1.1234
6.5653
9.8395
10.077
6.8618
1.2543
1.6607
2.6878
2.3935
1.7605
17.532
33.67
32.131
48.646
33.447
51.715
45.758
36.041
56.614
53.012
31.723
15.996
20.841
11.398
12.319
15.6
19.241
44.877
1.2441
5.9672
10.074
10.045
7.4122
1.7653
1.7467
3.0775
4.2709
4.1921
2.9632
18.257
23.816
23.945
24.723
26.123
12.21
29.746
30.528
30.07
24.418
26.902
22.479
19.639
18.182
8.1739
16.653
12.732
27.666
25.41
10.982
10.335
8.4091
2.5405
4.072
4.6421
4.9484
5.1445
6.6219
7.6173
7.1824
32.041
36.585
40.285
43.446
29.047
43.336
34.642
52.106
46.859
51.482
57.11
55.652
46.384
60.646
20.13
26.328
16.236
41.499
29.739
5.7702
2.1094
1.5562
1.5611
2.9899
3.0783
2.7395
4.6307
4.864
3.4062
2.7418
25.959
29.639
33.222
34.42
29.612
32.213
28.522
25.645
46.13
34.028
34.396
46.686
27.432
38.407
45.675
48.476
25.517
36.645
37.533
32.259
3.9235
3.5449
3.1912
3.4977
2.9526
2.8204
2.0602
2.3184
1.982
1.8093
6.3361
8.5242
37.241
34.706
32.587
36.305
38.418
52.523
32.677
37.008
53.189
33.384
41.391
53.881
34.931
34.455
59.445
20.272
12.513
5.0549
1.8169
2.2681
12.831
9.2754
5.0116
2.7914
8.3253
2.1725
3.8087
9.1179
2.8653
10.554
9.4133
8.2115
9.2588
7.5158
7.0116
4.8058
1.9006
1.602
1.3051
2.3434
10.446
5.8925
3.7579
8.7751
5.5654
9.4114
15.172
6.633
2.2073
2.7836
17.229
12.531
11.206
5.3842
18.931
3.809
7.1204
11.672
5.0556
14.625
9.729
12.792
10.345
11.671
12.597
8.4761
11.425
15.17
4.7397
15.029
9.4916
6.1299
4.6805
5.5974
9.0494
13.658
15.183
11.441
13.189
5.3369
16.162
13.194
22.181
16.761
17.215
11.19
7.0121
14.086
6.4813
15.372
11.226
11.471
13.515
13.736
17.312
14.178
32.143
20.64
15.61
15.434
13.358
19.001
15.785
14.481
17.489
16.801
13.421
16.613
4.1627
6.6438
16.133
18.672
22.941
28.351
13.359
16.697
8.5435
14.5
18.301
19.692
27.862
19.019
22.17
11.834
14.612
26.033
34.405
19.252
15.397
24.392
14.889
13.441
20.145
13.142
16.082
19.055
23.83
22.396
11.62
15.91
13.527
18.466
25.363
16.497
12.151
25.224
25.325
26.385
25.277
25.563
13.506
14.242
15.903
16.195
22.775
24.996
28.054
18.399
18.463
16.864
16.395
26.525
3.7094
5.8702
5.1588
5.0231
28.932
24.175
13.302
21.936
6.665
16.84
19.342
20.578
18.984
25.113
18.798
8.0185
13.443
13.552
10.909
17.966
19.24
23.139
22.515
21.837
24.748
28.282
23.226
28.406
28.85
24.6
5.1591
2.4318
6.9615
7.7156
19.07
21.093
13.685
13.428
4.583
10.505
23.296
17.014
14.321
11.992
4.9998
2.3587
17.418
24.742
17.244
15.424
18.341
13.808
28.052
29.535
32.917
31.969
20.975
27.286
22.43
16.609
3.0715
2.5288
2.0001
15.074
25.102
29.841
9.9728
8.7932
5.2133
2.5659
19.979
25.711
19.585
15.853
4.1143
1.9563
22.404
23.878
12.787
14.39
30.649
28.756
23.783
18.877
26.403
23.299
11.914
2.443
1.5262
1.2236
2.5618
2.3973
2.1358
1.5826
19.555
22.947
8.382
4.7982
2.5159
2.7444
22.631
34.944
26.082
10.139
9.5456
13.799
30.251
30.25
5.5193
1.9969
19.238
24.855
11.718
13.61
13.976
34.272
23.305
2.1514
1.6349
2.2526
2.2589
2.6884
2.0914
2.1295
29.712
26.871
6.4765
4.4645
3.7537
2.1625
2.2306
23.06
18.041
13.534
14.265
6.2096
26.648
21.817
2.4211
2.3181
2.1527
3.7527
6.9674
21.714
38.497
34.971
2.8895
2.0453
1.7021
2.339
2.0453
3.0232
2.8071
1.9475
1.8353
1.8634
1.9876
2.0692
1.6563
1.9211
9.6775
14.732
13.217
5.9108
1.6143
1.4589
2.1095
1.8304
1.8436
2.3902
2.2217
3.6519
14.751
22.253
23.672
2.4885
2.3831
2.4349
1.9457
2.2897
2.7452
3.1314
3.7178
2.1124
1.5264
1.5784
1.5513
1.5046
9.8656
14.568
13.977
6.4462
2.103
2.6097
3.0717
3.1218
3.25
3.4388
3.3284
3.2634
3.4631
21.618
24.979
33.573
21.831
2.6427
2.6316
2.3376
2.3855
2.7846
2.9728
2.6872
3.8249
2.8715
2.9482
2.5366
5.0567
13.492
14.288
7.5616
3.1059
2.1099
2.5528
5.4861
4.3979
4.4914
4.9258
4.0639
4.4085
4.7632
17.513
25.555
23.001
32.302
16.93
4.6785
3.6893
4.2
3.4803
5.0601
4.9319
5.9806
9.1168
7.2691
9.5018
7.7828
9.9606
5.3832
2.1599
1.6402
1.5712
1.7068
4.56
5.0428
3.4825
2.9458
2.7125
2.9582
2.629
2.3439
45.585
47.998
59.126
47.957
31.821
4.0056
1.9608
1.9762
3.4637
5.0994
10.643
9.389
6.1103
2.6616
8.0938
3.4013
2.5282
2.7282
2.2196
1.7476
3.5275
4.5463
4.7055
3.911
2.9954
3.5536
3.0106
2.4447
2.6433
2.6478
35.653
51.604
61.809
51.888
48.369
30.612
5.8967
6.4918
6.5142
6.5717
9.7567
11.957
5.5396
4.4712
2.9116
2.986
3.7541
2.9677
2.1563
2.6287
2.7473
2.469
2.5763
2.6638
3.1681
2.6431
2.7875
2.767
3.1899
2.9735
11.945
15.297
3.0499
3.9583
4.5087
2.7238
2.7835
3.0696
3.1062
3.7189
11.369
6.0183
4.2239
5.0466
10.779
4.1423
1.7719
8.3776
7.9946
1.9466
4.6847
4.6657
7.2926
7.5296
5.0433
6.5836
6.1991
4.3827
2.168
1.6823
1.6928
2.6785
5.3379
4.5992
8.8414
8.8313
4.4868
14.218
10.971
2.2108
2.2384
4.4609
4.2844
2.9288
14.834
5.8818
4.8887
9.9515
10.255
2.4848
8.1226
8.1414
9.4952
10.131
8.6623
9.6107
9.263
7.1208
4.9447
3.7248
2.4064
4.803
4.8258
4.0771
11.671
12.123
7.4994
11.579
14.574
13.265
8.584
8.1992
5.4474
2.863
16.228
6.5605
5.3058
10.913
11.24
2.4521
10.17
10.446
13.674
14.126
11.955
12.494
11.44
9.7007
7.823
5.9227
2.4104
2.2432
2.8286
11.377
15.005
10.621
6.8112
10.611
12.286
11.351
16.967
10.72
2.8038
2.2571
18.772
17.672
8.7758
19.104
20.264
5.0196
11.633
11.824
14.151
14.531
9.7198
12.738
12.929
12.085
12.051
8.8644
17.506
15.013
14.964
17.311
10.558
11.468
10.268
10.169
13.754
11.713
13.096
10.587
10.589
8.2338
14.129
20.521
19.323
16.51
15.233
10.365
12.943
13.471
12.173
15.292
15.335
14.867
12.702
8.4688
12.223
13.189
17.286
29.357
19.566
14.141
14.707
20.101
13.697
14.204
23.124
16.82
29.125
17.25
24.069
30.166
21.233
19.726
11.103
18.269
16.884
17.221
13.062
21.371
20.334
23.387
25.443
19.655
21.536
16.089
10.365
15.684
20.822
30.633
16.568
26.432
14.223
18.242
17.139
13.881
21.658
17.098
31.831
14.593
18.987
33.814
11.47
13.987
14.681
18.558
13.033
25.37
5.3677
24.702
27.252
24.47
19.101
22.089
16.076
18.324
21.171
20.934
24.937
21.072
18.575
21.139
24.103
25.59
4.4746
7.0254
3.844
18.149
24.494
23.635
23.939
33.825
9.3619
15.761
23.908
31.102
27.719
24.93
10.349
11.928
12.761
14.049
20.262
20.762
19.848
19.386
24.351
19.442
17.018
23.938
19.003
19.934
21.447
18.284
6.5943
4.8589
9.1206
20.944
20.405
11.977
37.053
38.643
24.589
13.015
12.869
16.025
12.784
13.563
6.6512
6.829
17.33
16.532
14.029
19.104
12.998
17.544
21.179
27.229
29.962
21.749
24.114
19.664
27.935
25.829
22.527
12.631
9.0792
17.939
6.5424
13.005
39.053
31.111
12.948
14.71
13.955
3.5534
3.7054
3.9456
4.6991
4.7021
23.911
27.136
24.086
4.6855
4.2093
10.599
21.768
21.589
20.368
20.262
7.6906
18.162
26.264
16.027
6.9121
4.6349
4.3323
13.11
16.338
20.413
23.356
21.16
24.736
21.406
12.935
5.4654
5.4374
7.9132
18.184
17.591
26
31.695
22.785
4.1332
6.0557
15.784
28.648
13.758
10.708
16.307
4.2753
4.0186
3.7829
3.907
4.3526
4.4937
3.8115
3.9291
14.078
18.553
16.786
12.524
33.006
28.766
14.048
8.5014
17.374
18.641
11.497
3.4927
12.057
23.816
15.588
3.7999
3.3582
24.869
32.878
13.941
7.3155
14.7
3.7215
3.5851
2.8643
3.8601
3.4886
4.4251
3.4943
2.8611
2.5122
18.793
24.939
2.9613
2.7035
11.464
17.795
18.143
11.252
1.8717
1.5328
1.8913
2.7782
6.5241
2.0752
2.4385
2.7736
23.124
29.177
19.194
3.1941
18.048
2.9859
2.3837
2.2461
2.2833
3.7876
4.6655
5.2025
3.1203
3.5255
2.8377
21.887
28.348
17.728
18.455
11.801
2.2879
2.7064
4.1242
5.4336
5.2986
5.6041
5.8858
5.9333
5.4765
5.7093
5.5638
20.31
26.233
4.5794
10.793
11.12
5.3147
5.5785
8.845
5.6989
4.9238
6.0136
4.7447
4.255
2.3132
2.0965
22.93
11.622
5.1148
2.7684
2.9805
4.0786
7.9035
6.2174
6.76
8.9363
7.0106
8.5758
7.1704
6.0562
5.1192
15.858
29.001
28.024
22.72
8.8398
5.4132
5.218
5.221
7.224
10.112
10.689
10.648
7.7404
6.751
4.6018
5.5984
2.4606
1.3885
1.4692
2.4011
6.7249
3.9306
3.7293
3.2008
4.1704
4.8254
3.9965
4.0241
3.3762
10.06
11.277
33.767
34.124
15.262
3.0715
2.321
3.8618
10.759
12.253
10.113
4.8148
2.9463
2.5673
2.5897
2.311
2.1939
