39.913
37.879
0.75254
10.82
8.5451
9.9769
11.409
10.305
19.837
18.311
20.349
18.645
20.828
21.093
20.104
26.113
41.127
38.277
30.011
0.63894
0.58606
0.81882
2.3733
0.90731
0.74834
22.651
9.3183
10.022
8.7072
27.976
24.896
43.83
1.6916
6.5295
4.9745
5.5135
8.6902
8.538
15.085
14.741
17.49
16.828
15.627
16.621
17.615
24.547
39.56
34.624
29.502
1.6417
1.0112
1.0117
0.9738
0.89664
3.0131
22.71
9.376
10.786
11.991
25.779
51.441
46.881
13.187
6.2062
8.4131
7.2226
17.81
17.536
14.059
12.023
16.021
18.124
16.897
15.365
16.271
24.272
42.15
37.676
32.443
5.8704
1.9564
3.6841
1.6005
1.3224
1.0231
25.189
10.649
7.5006
13.042
8.6843
6.024
40.718
29.606
21.713
27.198
31.847
20.461
34.979
25.36
17.258
18.611
21.076
16.936
17.276
19.48
24.437
42.561
39.283
38.31
15.582
3.8232
18.207
7.6862
2.7217
3.5775
27.266
12.329
2.3876
5.8115
11.01
45.201
27.776
30.9
30.298
13.313
25.141
15.68
26.852
24.331
15.671
18.145
18.744
16.161
20.262
23.195
27.293
40.83
35.224
39.417
19.102
7.2029
18.824
13.226
5.3333
2.6026
27.17
15.325
7.7512
6.4657
5.3594
28.666
37.474
32.936
26.081
7.4149
11.397
10.383
10.65
14.183
11.033
13.086
15.156
13.725
16.378
19.833
27.485
39.02
27.199
30.351
12.135
6.4715
23.325
14.769
11.183
2.5308
21.015
10.262
9.1809
9.576
5.6743
51.242
24.026
18.787
10.937
5.6014
16.538
24.273
9.1931
13.833
18.548
33.214
36.008
31.045
25.51
26.827
31.51
34.081
20.004
33.464
26.516
26.46
20.043
13.654
12.044
14.702
13.091
6.7677
7.3995
7.1717
4.5376
11.817
6.1455
7.265
6.9265
8.6282
9.8835
9.8575
13.005
22.829
49.708
38.885
28.814
28.891
17.955
17.176
19.453
17.816
34.821
34.098
33.837
30.359
31.276
16.689
17.726
14.519
10.338
5.3461
5.771
15.35
4.2418
37.194
32.2
4.8563
5.5685
6.0644
6.9391
6.7575
15.12
11.557
21.391
22.063
33.931
20.796
20.903
17.551
13.096
10.773
28.232
34.7
27.199
23.294
28.204
9.837
19.347
6.7612
10.464
10.458
4.5363
3.7915
4.3814
41.222
42.544
7.9387
9.6586
27.081
30.402
20.556
24.595
7.5441
13.327
13.672
15.56
14.254
17.215
19.321
19.602
12.907
31.76
24.16
22.431
23.89
18.957
24.4
9.0101
8.3546
21.451
5.2475
4.8962
33.561
37.583
41.939
39.97
4.5416
9.7884
25.439
18.856
21.511
30.206
5.7116
9.0041
13.921
6.0725
5.5289
10.543
9.7597
18.247
8.2924
32.63
29.125
35.153
33.692
21.157
9.2171
4.7743
11.956
10.4
6.8349
4.3616
30.3
22.743
21.166
4.2889
4.5078
4.1579
13.44
7.4071
16.914
25.345
17.612
15.083
12.067
14.022
23.319
26.915
29.328
26.101
32.995
36.866
23.49
20.237
23.952
9.9853
6.2046
5.2563
11.943
19.859
4.9567
4.8361
20.531
30.58
24.12
20.827
3.2172
3.966
3.9823
3.6189
22.464
3.8881
3.2833
8.0811
3.0668
3.3867
6.8045
8.1356
14.273
29.716
33.568
34.034
28.972
24.685
26.679
9.05
3.9251
6.9207
11.79
8.0649
3.5731
11.507
12.934
7.1149
19.284
16.883
4.0474
3.3072
4.0949
4.3188
6.035
4.8421
4.0934
8.57
3.1955
3.7427
4.4112
5.0218
5.6516
5.8615
8.9732
10.412
22.678
23.895
29.005
6.0638
1.8792
7.7173
10.129
7.5419
3.6411
7.328
17.887
15.403
17.621
15.207
9.9615
3.0158
2.8145
3.4678
5.9607
5.5861
4.1955
5.7059
3.5013
4.1461
3.937
2.9661
3.8422
7.1828
8.7387
9.0405
25.428
9.5893
33.512
5.0032
2.9568
5.4984
5.4517
10.134
2.6757
6.3411
27.122
28.629
16.29
5.3153
5.6697
11.757
13.223
16.835
9.7914
5.1796
3.8164
3.2665
3.2854
2.0947
3.3777
4.6119
5.435
7.1788
5.8833
4.4074
10.377
11.53
38.034
4.7944
5.984
2.8175
5.1931
7.2054
3.5011
9.2152
23.649
20.266
33.762
12.12
18.159
20.042
20.157
25.446
22.61
23.07
35.559
17.824
18.616
19.621
24.223
18.118
35.577
40.535
42.345
46.965
40.571
41.749
36.156
24.232
28.948
42.764
54.786
50.081
50.458
18.008
19.225
16.292
38.757
33.278
37.953
36.1
27.99
25.059
31.163
19.047
30.167
33.529
25.192
19.986
27.2
19.22
36.678
31.15
34.027
45.547
38.572
40.286
31.402
36.536
45.298
32.962
48.186
31.235
29.453
19.827
20.081
46.065
41.356
28.369
27.217
25.504
32.558
31.312
24.668
20.36
19.98
17.462
37.441
37.256
27.153
20.047
23.308
18.042
24.727
44.294
42.671
43.005
32.896
50.141
50.404
55.683
50.337
50.56
50.763
13.724
26.121
30.93
33.315
25.509
21.466
21.635
27.483
31.278
19.125
22.969
29.249
16.18
33.307
45.067
42.518
34.487
24.421
27.092
15.788
28.089
49.873
52.775
47.722
52.336
44.1
60.788
43.915
49.769
54.308
27.156
42.697
37.224
31.744
30.258
15.756
19.358
18.512
18.992
25.272
22.24
33.059
28.997
24.802
12.49
39.973
35.127
38.034
33.274
24.119
28.392
29.464
36.148
38.045
36.028
45.476
61.629
45.483
60.123
69.811
25.803
20.105
14.084
31.483
25.703
11.964
24.832
22.345
21.784
38.777
24.755
21.619
29.755
33.75
29.492
42.23
57.857
51.922
51.284
24.614
23.201
26.153
18.593
23.609
39.036
32.555
31.713
27.994
47.894
52.367
17.701
21.836
14.214
25.742
18.558
33.858
31.903
32.42
27.765
29.181
31.2
20.097
25.311
32.11
40.806
58.258
42.259
51.347
60.001
35.321
16.903
20.906
29.575
23.463
28.526
27.543
29.844
36.517
64.706
22.318
33.196
19.043
20.327
30.464
19.165
27.787
37.842
25.06
27.391
26.598
38.557
35.924
31.71
27.189
44.346
49.139
43.491
49.111
61.487
48.26
25.498
19.536
20.857
17.514
35.348
44.449
32.878
40.011
71.926
32.892
33.491
21.992
10.916
21.243
22.344
19.945
19.101
25.067
18.809
19.187
17.723
20.508
22.542
32.368
21.031
17.819
25.205
30.172
43.097
43.072
34.688
33.387
25.879
33.759
39.284
44.682
31.715
37.034
32.252
29.575
18.749
16.231
31.815
17.428
17.426
18.515
25.877
27.597
23.988
41.035
34.915
42.111
42.607
35.713
31.899
18.652
19.231
26.61
33.951
43.725
43.9
38.207
28.503
32.278
24.438
30.497
27.177
21.875
25.264
21.435
22.371
13.904
11.977
19.835
21.854
31.648
34.485
36.456
38.65
36.822
30.848
22.202
18.764
24.598
22.774
16.713
20.387
20.036
31.353
43.015
32.425
20.238
22.985
34.752
35.13
25.55
27.497
31.756
18.313
17.042
22.816
16.006
11.411
41.729
17.875
26.615
22.927
24.372
29.587
42.668
60.802
22.505
19.518
18.883
22.975
24.038
29.34
35.281
34.172
42.04
33.542
30.911
40.868
27.888
19.669
24.824
22.739
35.09
27.48
23.177
25.898
29.482
25.718
25.087
23.208
21.839
15.629
23.43
54.915
62.467
31.524
29.234
31.17
28.769
18.992
31.632
40.259
38.969
36.821
33.473
29.571
28.291
36.202
44.541
18.395
30.572
36.393
26.168
37.432
26.028
19.951
14.207
12.804
17.16
12.315
19.093
26.034
39.157
63.779
29.96
29.813
30.122
42.753
27.588
27.551
38.785
50.626
45.041
42.121
37.001
31.195
22.562
18.041
36.989
13.574
29.157
28.469
43.131
34.215
23.633
49.392
30.371
19.206
15.604
11.477
16.932
37.887
66.131
29.041
30.884
31.625
30.897
41.055
26.912
28.845
37.944
38.742
38.632
31.286
26.21
33.652
45.038
32.094
26.744
23.465
39.202
31.148
26.017
40.909
41.138
48.531
42.117
15.87
18.403
26.569
25.557
36.876
21.892
24.314
18.464
31.801
35.722
35.825
32.138
51.896
34.73
33.759
38.474
37.116
32.998
30.596
48.633
24.885
36.491
32.057
37.547
34.697
26.43
32.566
28.368
28.814
38.196
42.768
23.769
13.474
13.524
11.76
6.0028
15.379
19.556
20.526
16.164
17.459
22.36
16.829
20.653
20.997
26.518
55.856
39.4
41.473
39.809
45.251
29.922
4.0255
3.807
6.6062
2.8793
5.9409
22.835
11.025
11.309
12.064
34.681
33.059
25.831
20.863
18.37
19.817
19.446
20.121
20.677
20.261
19.822
22.199
18.52
30.112
28.054
31.395
48.997
40.701
43.173
49.314
31.551
26.324
22.586
10.119
8.2716
4.1938
23.296
10.858
8.9768
30.992
37.044
38.091
28.764
37.261
34.966
25.858
22.397
29.296
21.167
25.208
23.973
22.272
25.257
30.068
28.294
16.554
28.611
38.112
44.011
43.666
25.204
20.433
31.656
13.294
4.5271
6.4166
26.685
17.597
21.365
23.662
41.452
27.559
31.505
34.976
41.122
28.176
19.825
24.256
17.735
19.262
20.217
26.62
27.147
23.944
21.307
13.27
12.218
43.89
39.532
38.185
20.311
25.978
26.84
33.21
14.347
4.0958
47.324
21.728
25.8
23.808
39.339
37.007
16.859
33.471
23.612
27.445
21.307
24.4
20.526
19.667
19.938
21.394
18.235
14.663
26.162
19.539
16.499
33.205
36.968
38.083
19.657
17.852
28.884
34.263
32.025
9.7457
33.796
21.582
20.002
32.427
32.889
32.869
11.433
12.574
14.348
21.295
25.437
23.695
19.772
22.719
17.392
24.106
19.717
17.974
30.066
23.921
13.708
29.865
36.287
37.15
16.141
36.06
54.46
48.781
43.679
40.866
26.109
21.98
23.755
33.138
9.3342
24.489
26.033
10.621
12.253
21.108
18.565
18.63
20.66
24.179
18.256
12.527
15.901
30.034
63.524
45.785
26.21
26.621
33.072
25.624
30.431
43.204
44.307
38.214
35.679
45.426
27.768
18.966
21.789
31.32
13.973
33.32
7.7767
17.057
14.796
20.738
21.468
14.198
19.274
24.006
17.802
11.881
11.532
40.248
44.336
35.523
34.216
53.186
35.503
28.665
29.153
40.091
60.156
55.022
48.459
33.709
30.381
60.446
68.651
56.261
16.758
18.573
19.84
19.384
24.722
27.979
26.089
37.257
38.099
20.749
13.525
23.34
36.234
41.142
39.213
46.46
31.36
40.135
29.685
26.329
22.174
20.806
36.531
41.75
49.634
56.089
54.774
34.749
38.379
27.555
23.982
11.806
17.042
21.137
27.364
28.367
22.704
36.378
33.32
24.343
16.461
25.738
19.689
29.933
24.231
31.6
25.959
27.24
24.84
28.693
29.807
28.666
29.346
28.408
33.701
23.093
17.369
23.035
30.001
16.22
27.71
18.529
23.063
28.616
28.733
11.789
20.019
13.706
14.844
26.468
23.717
26.239
29.296
37.396
28.288
13.16
31.08
30.884
21.683
28.074
24.959
16.14
32.091
30.159
24.658
12.435
13.124
15.917
10.914
18.685
28.632
22.146
13.572
17.351
12.777
19.351
25.028
16.477
14.455
14.276
18.179
20.643
13.375
21.695
9.1797
30.366
25.215
18.545
18.381
15.088
14.14
12.169
9.5775
5.7827
11.647
26.623
32.872
38.292
30.967
22.984
26.362
19.647
20.481
15.376
16.994
19.503
14.273
21.509
13.173
12.252
8.8633
17.836
13.003
26.973
25.596
27.094
10.625
10.53
10.023
9.975
14.383
24.639
19.321
19.078
24.493
16.789
21.186
29.719
17.333
29.242
23.498
20.569
20.031
12.393
22.602
18.655
6.3426
9.8843
8.0994
12.924
16.113
21.967
19.826
21.223
18.328
16.831
11.816
14.672
16.288
21.287
28.603
17.708
16.309
19.919
11.228
18.406
12.898
19.453
42.395
34.207
21.656
14.367
10.873
22.682
17.345
6.7568
11.467
17.864
17.99
19.289
11.724
13.607
12.605
12.991
14.004
14.691
13.843
8.3344
28.293
14.832
8.5146
25.492
18.144
14.88
25.528
19.403
12.954
19.33
18.138
23.048
17.133
11.008
22.529
20.312
5.8522
7.638
13.921
9.8172
9.9721
11.538
11.752
12.955
10.336
12.049
16.17
8.4791
21.919
8.7932
16.189
31.945
8.9638
7.3371
21.963
23.714
12.465
14.606
18.694
11.887
21.055
12.33
5.7784
5.9791
10.765
7.8146
8.3035
9.5159
15.478
17.095
17.15
40.192
35.167
21.167
13.837
10.86
17.197
43.078
44.966
46.028
48.381
40.597
32.045
40.946
34.669
36.387
8.5385
27.514
10.246
12.209
20.491
37.951
39.843
22.501
23.952
23.016
21.778
8.1953
15.652
18.001
24.478
15.773
17.876
16.56
27.055
21.612
12.763
27.253
36.5
52.335
45.064
39.749
30.631
28.535
37.485
13.999
39.033
17.743
20.669
17.637
26.052
23.95
29.861
20.567
21.249
24.003
15.091
15.008
13.606
24.806
24.477
22.263
16.047
14.435
16.519
13.977
14.606
17.308
23.82
42.87
37.526
30.114
29.851
32.367
31.712
42.069
33.663
26.237
21
20.51
23.781
12.44
27.191
11.973
19.111
20.328
18.742
15.858
20.924
20.629
22.454
17.324
36.972
22.926
17.598
12.781
14.384
15.499
16.487
22.948
28.695
31.955
15.868
29.701
32.461
39.58
21.495
42.659
16.026
22.321
27.451
35.131
28.357
27.655
12.948
12.574
16.336
15.594
24.539
17.794
14.323
18.136
23.042
18.303
22.01
23.137
13.209
11.258
14.908
23.191
32.045
25.999
38.932
36.785
35.134
29.198
33.436
35.57
22.602
21.902
26.186
23.02
6.6638
5.5668
6.6331
13.046
20.007
28.804
18.593
27.178
21.694
22.426
21.687
16.91
18.086
21.659
30.598
7.4551
17.14
20.97
15.134
28.127
27.849
19.365
30.791
45.4
37.533
20.044
25.471
16.149
14.943
22.078
11.977
7.7471
6.9524
9.482
7.4371
19.344
30.06
36.177
19.44
24.477
19.672
14.732
16.928
19.731
26.872
19.492
6.7987
14.549
17.64
16.389
19.17
31.786
21.385
38.067
26.893
25.464
23.951
25.528
24.913
31.931
14.175
26.088
15.671
21.377
34.355
24.461
28.409
33.601
23.919
22.41
24.409
14.548
19.473
20.963
21.468
26.709
41.43
50.723
48.434
53.899
53.319
33.135
30.135
38.096
30.77
34.141
23.462
15.543
11.213
18.419
30.792
21.788
24.002
15.7
10.224
19.461
22.509
35.332
42.447
32.137
32.557
25.516
16.535
14.496
17.098
13.92
37.435
49.921
54.965
55.213
42.776
41.396
33.19
37.679
27.582
33.824
23.488
44.887
21.192
19.332
22.696
25.586
28.249
12.794
15.212
17.796
13.439
17.323
13.786
23.341
41.309
20.67
18.863
17.414
19
10.172
22.636
23.511
23.741
50.443
46.71
30.022
32.687
28.335
21.855
41.13
27.521
26.054
28.947
27.587
23.27
21.349
17.096
10.24
36.288
23.442
25.783
20.801
18.01
33.456
28.306
20.654
14.985
17.948
22.153
12.002
15.003
18.58
26.515
36.71
33.316
29.197
25.168
25.474
25.011
27.73
19.105
14.347
23.011
26.54
27.644
30.493
33.871
11.696
29.45
21.454
22.382
19.065
21.959
21.775
25.781
19.29
13.759
16.815
21.594
22.02
12.022
6.9111
15.582
20.333
28.623
33.69
23.9
32.549
28.813
29.836
33.986
17.478
19.596
12.322
11.558
12.802
27.642
14.442
15.343
20.466
25.756
24.573
25.551
22.056
21.882
14.35
10.586
10.132
21.572
18.505
20.264
14.574
15.762
15.753
16.841
10.816
18.793
21.678
19.489
15.966
29.515
20.984
19.581
24.14
10.307
16.27
14.987
21.396
25.108
28.217
19.281
24.918
27.219
24.03
18.928
19.609
14.126
9.2052
15.342
29.278
30.386
19.363
27.169
23.943
16.061
12.175
12.458
15.071
18.658
21.757
16.049
20.44
17.82
16.404
14.625
46.777
33.834
45.92
24.421
20.01
19.692
22.239
18.133
12.836
13.025
11.232
13.46
12.924
8.7094
28.374
33.611
33.607
32.746
35.836
35.563
28.294
13.49
13.72
12.296
10.618
11.339
15.109
20.767
20.465
18.581
34.852
33.561
30.845
27.955
36.613
36.227
24.53
13.304
14.77
11.944
14.251
16.475
16.181
15.065
15.341
19.33
26.922
32.029
35.098
31.746
23.416
27.954
17.488
21.339
30.505
20.498
11.898
9.5318
17.059
7.4393
6.2715
7.0319
10.067
10.405
7.5615
17.018
17.867
14.75
15.675
14.047
15.077
18.455
18.288
25.593
61.337
40.09
43.603
52.307
12.588
8.9375
7.8156
39.792
34.291
34.486
32.406
21.993
19.016
16.018
12.157
16.23
13.644
14.33
14.219
17.228
10.514
19.065
13.538
12.629
12.091
13.668
17.072
22.388
15.834
24.229
53.006
42.474
41.192
41.374
18.151
23.128
15.516
33.001
42.477
39.558
26.112
25.196
22.371
19.435
8.353
17.945
19.82
22.197
20.15
21.157
14.6
16.837
13.898
13.998
18.372
20.225
20.818
20.711
24.971
20.576
57.812
43.027
35.637
40.097
13.481
24.38
38.077
46.672
42.644
36.33
23.776
18.249
6.565
6.8822
12.033
15.358
11.8
9.7211
7.685
16.315
12.892
17.134
14.547
17.541
15.154
20.191
17.1
16.655
24.104
16.946
33.417
34.559
29.357
36.882
11.475
26.58
25.903
29.457
31.943
50.267
43.018
27.827
13.553
18.125
32.996
18.09
9.6508
13.026
12.709
11.887
19.235
24.547
23.931
18.759
18.382
20.531
26.183
19.889
17.593
13.373
7.735
17.043
34.805
31.072
18.731
39.73
38.559
30.459
23.969
27.061
20.674
24.505
26.042
29.708
21.143
8.9301
7.1228
12.749
27.574
14.982
6.9914
16.088
20.169
13.553
20.455
23.467
17.405
21.876
16.724
10.685
4.9811
11.466
24.648
23.831
43.852
44.493
20.103
11.003
6.0954
19.398
23.031
23.072
19.17
21.592
14.155
6.1799
5.6149
10.441
41.271
6.8255
11.769
14.833
19.1
24.325
23.948
24.919
19.931
15.145
20.051
14.538
5.898
3.0961
4.9587
13.131
31.361
16.053
12.946
8.6485
9.1092
7.8467
12.154
13.637
14.741
16.948
21.332
7.6426
9.2099
27.83
24.889
14.343
20.029
17.008
16.189
11.154
16.893
14.205
21.569
15.064
15.934
10.25
3.3443
3.7297
6.4993
10.096
17.124
15.152
20.522
25.704
16.711
7.3962
13.935
11.782
10.937
13.842
14.548
13.942
25.768
22.72
16.782
26.405
20.614
23.426
22.173
21.427
20.439
16.682
16.12
15.574
19.644
5.2316
3.1588
9.8922
20.935
8.4977
12.061
13.072
21.747
22.097
25.927
21.345
40.3
29.094
20.085
11.897
10.77
16.3
27.523
22.432
13.444
21.208
22.99
29.312
24.865
22.345
25.62
28.395
22.048
9.7278
7.6551
5.8905
16.539
27.543
15.85
15.035
17.608
8.5899
13.638
18.21
15.454
20.506
20.654
27.331
32.848
22.136
17.816
14.281
25.497
14.838
11.416
13.634
17.664
16.598
22.263
14.697
12.95
20.812
8.1319
15.748
18.323
23.018
20.682
11.112
23.93
13.136
17.049
17.906
16.368
20.011
18.692
11.086
12.007
26.39
24.225
26.477
29.051
13.36
9.9901
9.5493
19.053
18.21
13.807
30.425
26.203
9.422
5.7536
6.5797
4.9215
18.954
19.053
15.8
10.288
6.9817
28.286
28.932
13.803
19.539
16.166
40.599
16.161
20.908
14.278
27.558
30.067
26.393
27.648
11.01
15.759
18.552
28.339
17.305
20.839
20.705
15.812
15.928
11.601
6.686
5.5879
5.9425
7.9337
4.844
4.6663
12.006
17.637
35.935
18.132
19.418
25.772
32.189
27.227
18.591
22.221
11.796
34.639
42.295
32.019
15.484
18.419
34.19
39.806
27.599
44.428
36.965
41.565
36.149
53.702
25.535
23.766
19.784
19.314
20.545
24.912
15.661
47.32
35.638
20.253
21.197
37.866
37.604
26.727
18.969
18.181
17.543
17.54
36.05
39.914
15.462
20.22
30.182
36.453
32.313
46.29
44.513
45.708
61.536
57.47
49.253
45.543
47.283
35.688
19.743
26.843
21.432
11.053
7.2788
6.1974
10.333
28.579
29.915
28.476
18.894
19.632
21.602
16.191
10.871
44.271
25.207
19.785
22.029
32.81
42.464
38.764
31.971
32.777
54.358
59.314
45.678
33.557
47.007
49.067
44.613
33.119
20.506
9.6667
4.5737
8.185
9.0166
35.568
38.328
27.882
27.709
28.292
23.503
29.578
9.4663
40.946
