6.7477
6.2943
3.3078
3.2778
2.8618
4.3982
4.6876
3.8244
25.867
12.356
11.45
21.109
8.7596
11.056
9.8619
6.1097
4.5835
3.0775
4.933
5.9351
7.7591
7.5417
10.755
8.0584
11.912
6.5574
7.3816
3.4119
3.2183
4.0903
5.7218
4.1077
3.8918
3.7907
2.8293
4.0776
4.3436
3.1898
25.07
7.9424
10.294
10.363
5.7076
9.4319
8.4321
4.133
3.6738
4.0035
4.5615
5.8226
4.7656
8.9032
9.2511
9.308
9.8315
7.7904
6.402
3.4054
3.223
5.0436
4.6802
4.5661
4.3711
4.0714
3.3451
4.6005
4.8219
4.2584
21.901
16.091
3.9115
4.1629
3.5148
6.8756
4.7459
4.9097
9.9927
10.926
5.2018
6.064
4.23
3.0307
4.174
7.0508
10.779
7.6322
5.9391
2.8946
3.0634
6.0939
3.8682
4.519
3.6815
3.8791
2.4666
3.9867
3.9673
3.3913
10.596
6.4696
3.6241
3.6461
3.0487
4.3365
4.7167
4.3838
18.167
11.221
7.6227
3.2054
2.782
3.1711
2.9398
3.7666
2.3281
5.725
8.2805
16.969
12.871
5.4723
3.5277
3.7919
4.3011
5.6237
4.8661
3.4299
3.8208
3.2716
5.0299
3.0438
2.8967
2.6631
3.418
4.7133
12.198
7.262
8.5672
12.419
11.251
3.1656
2.4798
2.7459
3.1223
2.9789
2.8199
3.066
8.1854
17.443
19.023
6.2406
3.5079
3.8118
5.9504
4.6034
2.6552
2.8549
3.0738
3.3715
7.6041
12.136
2.7892
5.0332
3.88
6.4624
22.01
10.088
5.1445
5.7861
7.3384
2.932
2.727
14.096
14.746
13.198
26.07
2.6647
4.6389
13.734
17.107
3.3986
2.5917
4.271
2.8834
2.7401
42.413
26.918
2.7811
3.8958
4.3623
3.03
3.1737
2.15
2.4764
12.063
19.231
22.005
4.1222
6.2621
1.5805
2.4363
1.9822
25.109
25.397
8.1924
23.231
8.8789
4.0533
19.048
14.851
3.398
3.3241
3.1144
3.073
10.334
27.177
34.51
3.7481
6.7568
4.743
6.2493
6.195
2.478
2.4804
24.09
17.098
10.28
4.6767
10.193
7.6566
3.1121
26.315
24.55
22.028
28.21
38.884
27.89
14.495
19.996
3.2916
3.4587
3.5669
3.7163
3.8512
30.595
25.992
43.576
2.5031
2.5947
2.6416
4.0579
6.6633
5.2312
2.4643
14.14
9.9998
5.5339
4.3878
11.754
11.362
3.0513
21.575
25.925
20.828
27.614
38.313
40.974
13.089
12.094
3.4461
7.7665
3.0585
3.6902
7.286
7.378
28.053
28.608
6.9141
3.9224
2.5082
13.044
7.9095
7.9837
7.56
3.6334
8.9623
8.1926
2.3757
6.9618
10.327
2.6424
25.855
18.07
28.937
30.96
20.248
36.846
3.3184
3.53
5.2549
6.6541
3.0048
2.4411
13.331
20.204
41.655
6.1307
12.192
14.071
9.029
13.137
9.4361
21.898
15.861
3.7338
2.1106
4.3291
5.7002
7.1445
11.608
9.8067
12.328
20.94
19.824
31.971
23.685
24.569
5.1044
5.2392
10.514
17.252
6.8509
2.2106
8.7252
16.449
6.7886
5.8719
6.88
9.2217
13.198
5.3692
11.678
9.2482
6.662
9.1967
7.5297
13.352
7.6881
5.4335
17.533
5.1641
8.0776
12.997
19.775
31.128
22.076
16.775
10.494
19.449
11.19
8.3619
3.4013
5.7105
5.8022
17.107
9.5741
6.0335
6.2978
10.241
9.7638
6.2025
14.233
5.5896
6.9157
6.6746
13.177
7.2446
4.4447
7.6164
10.799
10.951
5.1187
19.622
23.601
33.176
25.425
13.243
12.344
14.553
7.0664
3.667
4.8831
5.6158
7.9851
7.2081
6.5668
5.5655
8.5441
7.3815
11.289
7.71
5.8435
4.1864
7.2267
4.0343
6.0389
7.0838
4.3237
9.7358
14.115
9.8828
6.7987
10.25
4.1669
9.9456
6.4477
10.841
9.6435
7.0666
10.03
3.3065
4.358
3.3317
5.2098
5.6413
5.9317
5.7335
9.5169
7.2819
7.0794
5.8713
5.2662
5.9952
5.4373
6.4034
4.3704
4.9529
5.2978
6.9447
12.955
7.2633
7.0879
10.747
6.7439
7.3978
7.8257
13.115
7.1631
6.3963
13.152
8.0091
6.3688
7.5594
5.7867
4.318
3.593
3.8627
5.9369
6.8135
3.6184
6.1436
5.0341
5.2949
4.2735
3.605
4.2136
4.285
4.5154
8.65
6.056
5.9083
5.2368
11.267
6.7979
6.3399
3.5461
8.3349
4.9847
4.4388
6.6948
6.306
5.4804
5.2885
3.6542
3.9264
3.2702
4.5496
4.6734
4.0491
10.489
8.2255
4.2295
7.1356
21.024
8.6542
5.6232
5.3194
4.345
3.021
4.5774
6.0869
6.7886
6.8632
7.8339
6.9512
5.4108
5.2669
6.985
3.3631
3.2233
3.7332
18.052
4.7042
4.0278
3.677
2.7967
4.0115
4.2034
3.1719
17.643
5.5913
3.7862
7.7797
3.969
3.8067
4.3504
3.916
3.333
3.3832
4.9122
5.9145
6.1728
6.1736
6.9689
7.5779
6.9076
5.2585
7.9389
3.4723
3.1166
4.2762
8.3536
4.2962
4.0912
3.9086
2.9728
4.4727
4.6095
4.5257
15.494
14.833
3.6283
3.7412
4.0874
3.7602
3.7279
4.8727
4.0834
3.73
8.2819
4.4012
5.6922
3.3416
4.313
6.243
8.1467
5.9103
7.3342
3.2697
3.0741
6.5795
31.264
17.014
3.6822
3.7514
2.4435
4.1534
3.899
3.4825
5.3851
8.3269
4.5256
3.5788
3.0166
3.9462
4.6176
4.4128
3.9009
11.286
10.7
4.6846
4.4876
3.0839
2.853
4.9431
1.5222
4.5124
10.819
11.688
3.2832
5.2155
27.984
26.383
16.497
3.8872
3.0183
3.7514
4.0045
3.8234
3.5406
3.0817
3.0296
2.6405
3.0158
4.8025
3.6084
7.7951
3.5964
11.232
9.6062
4.9949
3.7275
8.9779
2.9887
3.3842
2.6907
3.2376
14.037
19.315
13.854
6.0075
32.137
31.33
21.313
3.9887
2.9536
2.7036
4.3293
5.9207
7.6635
6.9534
4.9118
3.5085
3.1202
5.1482
4.6683
7.7202
6.6093
7.2003
5.3902
5.7556
21.981
27.733
7.9488
2.1096
2.2897
2.7121
15.022
24.905
13.632
3.3415
32.261
34.041
33.355
2.8504
2.3922
2.582
15.131
39.224
6.2007
2.5942
2.7886
2.1606
2.3949
3.836
6.2376
17.385
12.535
12.445
4.1498
7.8689
16.421
26.252
13.233
2.3223
2.5006
2.4567
7.643
18.318
15.235
3.1436
36.812
35.704
31.937
2.6907
2.857
5.9192
10.782
39.881
4.9743
5.8735
4.3468
2.614
2.4909
3.1355
13.63
7.3735
2.92
9.906
7.8205
23.706
34.409
42.8
39.133
3.4013
2.1863
2.6394
4.0855
9.5335
6.5832
5.6825
16.253
13.346
17.338
3.6032
2.8034
23.632
33.938
39.908
33.699
4.6493
7.7911
4.6677
2.5618
8.3551
16.905
7.0191
5.1872
15.038
9.5513
18.609
36.256
39.732
42.282
10.979
2.1099
2.8983
22.282
18.764
3.3305
5.0564
13.511
13.025
6.837
8.0366
4.0475
2.5048
19.643
29.516
2.6153
8.6615
8.8233
22.203
25.267
5.5413
4.3292
3.3913
2.9627
9.6821
8.4213
13.167
50.029
30.03
23.014
16.248
7.8415
2.1815
22.705
3.9194
7.4182
4.0031
13.806
11.95
10.629
13.374
7.0687
6.2626
30.028
19.702
10.98
9.0178
7.4427
6.2216
5.8642
3.3832
1.6031
3.4815
4.9702
5.6114
5.6795
4.8634
38.185
31.046
7.0065
3.2455
11.032
1.7612
7.4273
7.2028
16.237
11.157
18.494
15.916
8.4507
13.802
7.1775
9.6852
11.603
10.55
12.649
12.329
6.6309
6.9763
5.9913
6.6693
9.1869
10.312
4.6145
8.6279
13.249
16.106
12.629
20.614
11.591
3.9874
8.5124
12.282
11.166
21.048
11.635
3.3515
12.035
7.5598
3.0435
13.803
12.257
7.7395
10.892
11.637
11.787
6.1552
8.5713
5.125
6.0994
4.8099
8.6022
12.136
3.974
5.4719
8.0498
11.072
49.849
44.002
16.473
4.1107
8.2594
13.134
11.72
14.896
6.4972
4.0309
8.0066
5.8723
5.9229
6.8872
6.6005
9.6141
7.4944
9.7719
12.01
6.8032
5.1264
4.4184
5.8856
3.4764
6.738
8.7828
5.9887
6.4617
10.754
8.5316
5.7664
6.3972
4.4144
7.662
5.0716
10.149
6.9876
10.167
7.6015
3.209
3.6603
4.0077
4.5013
5.1159
6.5938
5.4997
8.5833
7.5977
10.417
6.5764
3.7915
5.6724
4.5747
4.8474
7.9005
3.7396
4.7221
7.0157
8.9173
7.9822
5.2232
7.4476
4.5116
9.0242
6.3028
10.118
4.7134
7.1857
11.855
7.0951
3.7927
5.3424
4.1285
4.6631
6.2536
4.5398
13.981
8.3459
5.3103
10.185
6.2425
4.0832
3.7309
3.196
3.6259
5.0571
5.7142
5.6333
4.0778
4.5099
6.5612
8.3131
5.8606
6.0061
5.2058
10.408
3.5603
5.6279
6.5789
7.9804
6.4378
5.9754
3.4467
3.8275
3.9231
4.5731
4.7643
4.0075
11.642
9.7747
4.0848
3.8137
8.4705
3.9255
3.066
5.6092
4.2494
3.0249
4.8521
5.0735
6.8843
6.5606
9.8424
5.3545
6.396
6.0694
5.0029
3.4095
3.251
3.6296
4.8822
3.9607
4.2233
3.8576
3.0193
4.2924
3.8807
3.3202
9.7358
11.11
3.273
2.766
2.9447
2.6799
3.0784
3.8857
3.4338
8.0083
11.761
5.3866
8.2536
6.2359
7.3082
5.9953
5.1637
4.5988
5.5154
3.4196
3.2233
4.4468
4.6201
4.3722
13.021
13.969
7.8888
4.8524
4.5408
4.2266
6.1517
15.328
5.2229
3.5776
3.2241
3.7628
4.3481
4.3427
3.9836
8.6262
4.0767
9.7733
8.67
2.8743
3.619
7.8049
9.1263
6.0621
8.371
3.2701
3.1031
4.5174
3.6945
3.6804
10.554
32.806
39.612
4.4533
4.244
3.4001
4.1513
5.7792
4.651
3.5532
2.8346
4.0876
4.37
4.5216
3.858
11.059
4.5461
9.6616
4.2714
3.1241
2.8651
3.6062
1.8779
5.8911
10.888
9.5061
3.1995
4.2676
3.3835
19.178
28.25
29.898
56.463
36.835
4.0465
3.5731
3.2011
3.2747
3.1275
2.8686
3.2262
4.6379
3.4177
3.6371
2.3354
8.7682
9.435
7.5321
11.51
2.6806
3.0246
4.8003
2.6943
3.1765
16.176
19.267
10.832
4.3985
3.5536
32.644
30.343
24.984
31.299
38.172
15.63
2.9532
6.3836
5.6962
3.7772
2.391
3.0682
4.6919
29.793
20.006
7.292
28.741
14.914
1.916
4.2504
2.6632
2.4497
2.0323
2.29
2.6011
18.047
27.48
10.08
3.9153
9.8286
33.522
26.457
26.142
35.255
42.313
12.877
3.4409
4.5797
25.156
2.7473
2.1152
2.6175
8.7248
29.63
30.418
5.4343
24.03
9.3957
7.6506
8.1409
3.0325
2.2209
2.3604
2.5432
2.4344
15.041
26.932
13.923
3.2015
41.073
21.37
18.411
19.242
41.349
28.621
8.3664
3.3795
8.3778
10.419
5.7434
2.6283
2.5758
22.24
29.596
11.689
4.1125
8.7461
4.9171
22.643
23.615
3.4482
2.3418
2.3904
2.1564
2.6629
4.7401
23.173
9.5148
4.9689
11.172
22.037
20.783
10.053
14.433
19.346
2.5619
2.4979
25.428
11.807
11.133
4.9947
2.5865
38.06
19.166
3.1775
5.5746
11.793
8.8022
12.077
20.51
2.6085
2.26
2.2625
2.0398
2.7065
24.819
21.281
3.4484
5.9031
24.813
23.935
32.021
13.29
9.2729
7.3893
4.1832
4.0899
4.4146
24.108
14.281
22.141
27.999
7.112
2.9655
5.0949
2.7803
6.0386
7.7966
2.7891
11.964
5.0845
6.1109
2.4408
5.7451
2.1901
21.687
10.82
4.6955
5.1706
17.012
22.183
20.137
9.154
6.7482
7.5287
7.0076
7.7667
10.661
25.27
10.815
7.9294
8.8857
3.7798
3.3717
2.9717
10.145
8.1498
14.282
10.018
10.781
5.42
4.9183
4.6329
7.7053
1.7916
8.9209
4.1222
9.0855
8.4104
4.2859
24.76
15.768
13.461
5.216
4.7194
5.8047
10.36
8.0849
10.047
7.6207
8.0189
3.7602
7.4728
6.6605
13.924
7.4534
6.6495
10.76
19.77
9.3159
6.6738
7.1664
5.6612
6.4662
8.1628
8.9928
8.0054
5.9712
3.3165
3.9913
20.751
18.95
15.559
4.3861
5.2322
5.2692
8.5089
8.0122
10.307
6.3439
4.493
6.7358
4.2651
9.1913
13.372
7.4686
8.7227
7.5748
17.805
16.691
5.8351
8.2872
5.7209
5.2581
7.2318
10.108
6.5024
4.9325
4.4882
15.853
20.684
24.009
7.32
5.2418
4.6004
4.8013
4.5038
11.508
9.6164
5.3563
4.0924
5.8737
4.9366
19.028
7.7734
4.2694
9.1923
16.968
19.926
13.666
6.2851
5.6643
8.4979
4.9555
7.9194
5.5055
5.5516
4.4926
3.2714
13.61
29.57
7.6371
8.3432
5.4712
3.4633
5.9661
4.062
5.8853
5.4248
4.8566
6.2178
4.4811
5.0167
10.051
4.775
6.1818
6.087
6.5237
12.666
15.97
6.9484
8.0312
6.1178
7.2828
6.878
6.0067
4.8461
5.1399
4.719
13.14
4.5351
3.6575
3.0169
4.3435
3.0774
5.9959
6.4251
5.4998
3.86
6.2497
3.6145
3.6964
7.9483
8.5818
8.2359
7.4898
5.3584
5.5114
7.2201
9.8737
9.5066
7.1366
4.5291
5.7642
7.5245
6.2088
3.8695
5.2401
7.5641
5.6713
5.0331
3.4187
3.3751
3.7621
3.9524
4.079
4.1182
13.358
9.4705
3.9133
4.5089
3.2885
4.7055
4.5128
4.1599
3.4602
3.0989
4.2092
4.7314
6.8255
5.9681
9.4067
6.4457
7.325
5.4979
10.678
3.5361
3.2317
3.4169
4.759
4.09
4.4199
3.8944
3.0698
4.0228
4.7949
3.3259
22.939
3.7727
3.2806
3.0991
3.0394
4.1039
3.2631
3.9303
3.4665
3.5047
8.1333
4.7604
3.854
7.1168
7.3783
7.0086
5.0564
4.6653
5.0547
3.3724
3.1827
4.4022
4.263
4.639
4.3143
3.9318
3.0799
4.4922
11.646
7.2243
16.224
11.09
3.5071
4.5409
3.3444
4.4058
3.7596
4.3252
3.8531
7.1573
11
20.477
2.9867
3.0113
3.5081
6.8471
7.1395
5.3909
5.0839
5.1257
2.9382
4.0625
20.339
20.553
6.284
3.84
2.7213
13.308
19.508
11.252
14.823
5.1592
3.2833
3.664
2.9721
4.3043
4.1716
4.2613
4.7444
7.466
10.079
9.0383
3.3688
3.1546
2.9557
3.3582
1.8316
5.7568
14.291
19.762
3.1538
4.5298
22.049
22.634
8.1085
3.6816
3.6011
11.6
16.102
32.306
23.423
3.3042
3.3313
8.0614
6.0662
8.3148
3.3447
3.8915
4.4335
9.755
13.409
12.953
2.7932
2.8242
3.0749
3.588
2.8515
3.2657
17.748
20.985
24.63
5.4358
13.69
5.405
7.329
4.7457
7.9602
13.62
13.603
22.032
49.672
49.343
37.743
29.123
34.353
18.542
4.1393
9.9181
6.433
12.111
3.7089
15.631
2.6354
2.8254
2.4537
2.0865
2.2874
2.5615
17.818
24
13.811
3.2625
16.584
5.8307
41.558
24.376
15.661
19.694
19.958
28.827
54.492
47.463
32.407
19.236
27.05
21.879
11.317
10.422
4.9698
8.0251
1.3155
32.403
10.562
3.6801
2.2172
2.4325
2.5316
2.4053
13.995
22.799
25.978
3.487
25.889
6.2757
52.159
46.629
28.88
36.901
21.79
38.94
43.973
20.934
23.544
37.651
36.496
42.643
28.892
5.6085
4.6228
9.2526
7.7148
24.964
20.496
3.3489
2.4181
2.2947
2.2298
2.6492
24.673
31.556
7.267
3.6135
18
29.794
41.687
43.945
3.5494
38.895
13.773
20.377
36.718
33.778
5.2922
27.389
22.243
37.56
15.82
3.9498
5.8511
11.787
10.965
25.441
5.8917
2.6456
2.2615
2.2522
2.0919
2.8342
29.534
25.426
3.3845
5.4583
38.939
39.295
19.264
45.488
4.0191
12.984
18.412
18.981
40.847
41.061
22.912
26.876
36.446
7.6982
2.0264
3.0705
5.4078
8.875
7.9709
16.97
2.4764
3.0853
3.054
2.4727
2.185
2.1377
25.139
13.745
3.8469
3.6319
28.41
33.804
15.181
7.3589
3.4837
11.586
11.137
19.712
10.829
24.633
36.937
33.084
28.025
3.4744
3.3451
5.0044
7.3713
6.9904
11.806
25.047
12.29
3.6256
9.5236
5.8533
2.1379
1.8689
18.486
4.1889
4.8222
3.3555
30.094
37.081
38.147
26.115
7.2262
9.1596
10.238
10.068
8.5726
15.784
18.732
21.359
13.698
7.0214
9.5278
11.284
6.1534
5.8635
11.919
9.704
16.469
6.1496
7.4519
6.9729
3.0186
10.453
8.0158
9.6756
6.2501
3.3331
27.377
31.351
25.881
19.087
6.4025
9.4737
7.4828
14.131
7.143
11.408
15.419
4.2147
14.694
6.0802
9.1214
7.3437
5.304
6.6127
5.3547
17.815
16.151
5.5394
10.527
5.0014
2.741
5.3101
9.9805
8.2494
4.6748
4.7514
17.925
12.603
17.585
9.0946
4.7869
9.6007
5.4034
13.339
10.73
10.06
8.2684
4.7936
9.4056
7.3491
11.404
6.6758
4.7601
5.8823
15.578
14.112
8.0398
6.8754
7.3711
5.8136
3.3814
8.5248
5.496
6.5347
7.097
3.3932
7.636
3.3568
9.9461
10.05
4.6556
5.5051
8.6847
7.994
12.872
9.4412
5.3268
7.2385
5.5605
7.2739
7.3164
11.293
6.3308
4.1812
7.6546
14.421
12.492
7.6394
7.1812
4.5112
6.1373
11.284
5.1132
6.9106
8.1575
9.4034
6.388
3.4379
4.2256
3.7926
4.0256
3.3928
3.4701
4.6102
4.5671
3.9713
5.9308
5.7395
6.5475
9.0752
9.2172
6.9151
4.9778
6.9548
6.2953
8.1005
11.967
7.5575
6.0639
3.8928
4.3411
17.39
3.5038
3.419
7.2451
8.836
4.3756
3.957
3.2802
3.3351
2.9575
4.0198
3.9452
3.4042
5.9337
4.0344
4.404
5.3952
4.2807
4.0999
4.5797
4.0695
3.3928
2.9032
4.1355
4.7416
5.8461
6.9444
10.445
7.658
7.5138
5.5277
5.0557
3.3302
3.2819
3.5627
4.9669
3.9262
3.8721
3.5641
2.7564
3.8704
3.892
3.2799
4.8639
3.0583
3.3664
4.0623
3.5727
3.7138
4.5042
6.5969
11.946
3.2711
4.3272
4.6161
4.9956
8.0925
10.302
7.9706
8.071
4.956
4.778
3.4229
3.0926
3.4721
3.717
4.233
4.1553
3.863
2.6304
4.1945
4.3999
4.7575
4.0658
3.5991
3.5451
4.196
3.0911
4.1445
3.7146
8.7732
5.2121
5.2012
5.8369
4.6601
2.6855
2.8138
10.076
5.8495
6.525
5.1615
5.6327
4.2567
3.0956
4.0812
3.5376
3.5113
3.5456
3.9052
9.5294
20.525
5.7896
3.5375
3.9693
15.323
29.909
4.8143
3.2004
4.5276
4.0629
12.392
5.5709
7.1654
4.6409
3.4282
2.9597
3.6164
15.927
11.753
9.1086
4.8541
11.254
19.819
13.99
4.4093
11.289
12.895
4.8993
4.2481
40.539
41.046
22.793
32.615
3.9726
16.614
42.873
26.407
3.2975
5.6172
10.055
6.6211
4.367
12.301
8.3278
3.5144
3.1435
2.9008
13.613
9.2021
2.8058
3.3074
17.455
23.429
19.226
5.367
18.959
18.38
9.4837
32.168
37.96
22.897
31.489
39.206
16.475
20.365
36.636
32.276
39.847
4.9112
5.0702
5.1376
5.6494
6.0552
10.147
2.6583
8.3154
4.6829
2.5322
2.1929
2.3092
2.6406
19.414
26.23
10.566
5.4866
20.291
22.589
56.513
57.632
33.203
7.2895
30.865
20.515
22.774
23.736
22.563
17.843
45.473
3.231
5.3381
6.2017
6.3623
4.8134
7.4233
3.1301
21.536
24.005
2.2368
2.4357
2.4942
2.4479
15.061
25.793
20.922
3.3004
38.404
28.771
50.962
54.338
27.088
7.4225
41.17
35.26
36.353
11.7
24.094
19.548
21.575
8.5462
6.4481
10.085
6.7429
16.233
22.781
13.262
19.201
21.701
2.4293
2.6101
2.2295
2.6735
17.816
27.306
4.6865
6.5029
19.155
30.244
42.586
52.553
26.374
14.8
33.246
37.858
41.778
19.511
8.0719
9.5181
2.5069
7.2517
15.944
4.6551
4.2886
8.1106
21.427
14.986
17.003
15.177
2.2502
2.2836
2.1901
2.8013
27.044
23.553
3.3876
6.2187
32.391
30.124
22.246
27.136
37.671
34.026
41.064
30.894
37.73
8.3075
10.797
5.6226
3.8407
2.9484
6.9024
2.4995
5.1475
5.5983
15.256
7.858
32.188
17.98
12.614
2.4726
2.6816
2.1359
25.258
6.182
3.7047
4.5241
25.157
20.224
11.532
23.945
26.812
43.25
34.375
17.382
9.7387
19.25
28.176
22.578
8.3517
2.3573
1.6723
2.4816
8.2811
5.6715
8.7953
5.1846
22.336
18.599
10.37
6.1829
2.9614
1.909
9.2103
4.8661
5.6465
11.222
17.331
18.35
21.516
8.8446
18.773
31.874
24.665
9.7388
10.756
17.175
16.97
18.314
3.6858
6.676
9.6515
13.751
6.6374
6.2868
14.805
13.197
33.407
12.665
11.705
7.6316
3.0899
14.998
8.2467
20.159
6.6249
5.1173
11.804
8.8045
31.484
13.998
7.5619
28.241
22.653
27.128
13.077
8.5957
14.978
3.3175
4.9883
6.1499
8.8779
7.0453
4.3534
8.388
11.489
14.301
8.5249
12.11
10.205
7.5431
3.0805
6.635
14.293
17.851
6.0167
4.5207
8.2822
21.274
19.058
14.851
14.493
41.309
40.982
20.847
12.592
11.683
14.755
3.6815
5.0068
6.8856
7.453
6.6284
5.1612
10.475
13.079
17.964
11.763
9.4925
5.7959
9.2437
4.8501
10.59
12.419
8.7268
12.336
3.2716
4.8143
18.296
8.8875
9.5454
5.187
16.448
7.0139
4.8002
5.8544
5.9819
4.5691
6.2702
4.1422
4.4337
5.156
4.4683
3.6779
5.7096
12.562
9.5795
13.504
11.402
7.516
5.987
5.8576
14.402
10.391
9.0944
13.389
7.9073
3.7378
3.7231
3.4217
3.5559
3.1432
3.2411
4.176
4.3268
3.4273
4.2636
5.7146
3.9238
3.5507
3.4488
3.9633
4.3881
3.8409
4.4109
4.5064
8.4774
9.3833
9.8566
6.2098
8.3232
7.4648
13.594
6.9007
5.7859
10.018
14.01
